MGH60-P6-B01
18.0
19.0
20.0
21.0
22.0
23.0
24.0
25.0
26.0
27.0
28.0
29.0
30.0
31.0
32.0
33.0
34.0
35.0
36.0
37.0
0.0
0.0
0.0
0.0
0.0
0.0
0.0
0.0
0.0
0.0
0.0
0.0
0.0
0.0
0.0
0.0
0.0
0.0
0.0
0.0
0.0
0.0
0.0
0.0
0.0
0.0
0.0
0.0
0.0
0.0
0.0
0.0
0.0
1.0
2.0
3.0
4.0
5.0
6.0
7.0
8.0
9.0
10.0
11.0
12.0
13.0
14.0
15.0
16.0
17.0
18.0
19.0
20.0
21.0
22.0
23.0
24.0
12.5
13.5
14.5
15.5
16.5
17.5
18.5
19.5
20.5
21.5
22.5
23.5
24.5
13.0
14.0
15.0
16.0
17.0
18.0
19.0
20.0
21.0
22.0
23.0
24.0
25.0
26.0
27.0
28.0
29.0
30.0
31.0
32.0
33.0
34.0
35.0
36.0
37.0
0.0
0.0
0.0
0.0
0.0
0.0
0.0
0.0
0.0
0.0
0.0
0.0
0.0
0.0
0.0
0.0
0.0
0.0
0.0
0.0
0.0
0.0
0.0
0.0
0.0
0.0
0.0
1.0
2.0
3.0
4.0
5.0
6.0
7.0
8.0
9.0
10.0
11.0
12.0
13.0
14.0
15.0
16.0
17.0
18.0
19.0
20.0
21.0
22.0
23.0
24.0
25.0
26.0
27.0
28.0
29.0
30.0
31.0
32.0
33.0
34.0
35.0
36.0
37.0
0.0
0.0
0.0
0.0
0.0
0.0
0.0
0.0
0.0
0.0
0.0
0.0
0.0
0.0
0.0
0.0
0.0
0.0
0.0
0.0
0.0
0.0
0.0
0.0
0.0
0.0
0.0
0.0
0.0
0.0
0.0
0.0
0.0
0.0
0.0
0.0
0.0
0.0
0.0
0.0
0.0
0.0
0.0
0.0
0.0
0.0
0.0
0.0
0.0
0.0
0.0
0.0
0.0
0.0
0.0
0.0
0.0
0.0
0.0
0.0
0.0
0.0
0.0
0.0
0.0
0.0
0.0
0.0
0.0
0.0
0.0
0.0
0.0
0.0
0.0
0.0
0.0
0.0
0.0
0.0
0.0
0.0
0.0
0.0
0.0
0.0
0.0
0.0
0.0
0.0
0.0
0.0
0.0
0.0
0.0
0.0
0.0
0.0
0.0
0.0
0.0
0.0
0.0
0.0
0.0
0.0
0.0
0.0
0.0
0.0
0.0
0.0
0.0
0.0
0.0
0.0
0.0
0.0
0.0
0.0
0.0
0.0
0.0
0.0
0.0
0.0
0.0
0.0
0.0
0.0
0.0
0.0
0.0
0.0
0.0
0.0
0.0
0.0
0.0
0.0
0.0
0.0
0.0
0.0
0.0
0.0
0.0
0.0
0.0
0.0
0.0
0.0
0.0
0.0
0.0
0.0
0.0
0.0
0.0
0.0
0.0
0.0
0.0
0.0
0.0
0.0
0.0
0.0
0.0
0.0
0.0
0.0
0.0
0.0
0.0
0.0
0.0
0.0
0.0
0.0
0.0
0.0
0.0
0.0
0.0
0.0
0.0
0.0
0.0
0.0
0.0
0.0
0.0
0.0
0.0
0.0
0.0
0.0
0.0
0.0
0.0
0.0
0.0
0.0
0.0
0.0
0.0
0.0
0.0
0.0
0.0
0.0
0.0
0.0
0.0
0.0
0.0
0.0
0.0
0.0
0.0
0.0
0.0
0.0
0.0
0.0
0.0
0.0
0.0
0.0
0.0
0.0
0.0
0.0
0.0
0.0
0.0
0.0
0.0
0.0
0.0
0.0
0.0
0.0
0.0
0.0
0.0
0.0
0.0
0.0
0.0
0.0
0.0
0.0
0.0
0.0
0.0
0.0
0.0
0.0
0.0
0.0
0.0
0.0
0.0
0.0
0.0
0.0
0.0
0.0
0.0
0.0
0.0
0.0
0.0
0.0
0.0
0.0
0.0
0.0
0.0
0.0
0.0
0.0
0.0
0.0
0.0
0.0
0.0
0.0
0.0
0.0
0.0
0.0
0.0
0.0
0.0
0.0
0.0
0.0
0.0
0.0
0.0
0.0
0.0
0.0
0.0
0.0
0.0
0.0
0.0
0.0
0.0
0.0
0.0
0.0
0.0
0.0
0.0
0.0
0.0
0.0
0.0
0.0
0.0
0.0
0.0
0.0
0.0
0.0
0.0
0.0
0.0
0.0
0.0
0.0
0.0
0.0
0.0
0.0
0.0
0.0
0.0
0.0
0.0
0.0
0.0
0.0
0.0
0.0
0.0
0.0
0.0
0.0
0.0
0.0
0.0
0.0
0.0
0.0
0.0
0.0
0.0
0.0
0.0
0.0
0.0
0.0
0.0
0.0
0.0
0.0
0.0
0.0
0.0
0.0
0.0
0.0
0.0
0.0
0.0
0.0
0.0
0.0
0.0
0.0
0.0
0.0
0.0
0.0
0.0
0.0
0.0
0.0
0.0
0.0
0.0
0.0
0.0
0.0
0.0
0.0
0.0
0.0
0.0
0.0
0.0
0.0
0.0
1.0
2.0
3.0
4.0
5.0
6.0
7.0
8.0
9.0
10.0
11.0
12.0
13.0
14.0
15.0
16.0
17.0
18.0
19.0
20.0
21.0
22.0
23.0
24.0
25.0
26.0
27.0
28.0
29.0
30.0
31.0
32.0
33.0
34.0
35.0
36.0
37.0
0.0
0.0
0.0
0.0
0.0
0.0
0.0
0.0
1.0
2.0
3.0
4.0
5.0
6.0
7.0
8.0
9.0
10.0
11.0
12.0
13.0
14.0
7.5
10.5
10.882
11.603
12.603
13.603
10.99
11.515
12.539
13.539
14.539
15.539
13.715
14.715
15.715
16.715
17.715
18.416
18.479
18.0
17.944
18.766
19.404
19.906
18.162
17.882
18.882
19.729
20.729
21.407
21.155
20.467
19.291
18.915
19.109
18.068
18.504
19.082
19.242
18.405
18.153
17.47
18.333
18.912
16.421
16.088
16.939
17.939
17.584
18.437
15.43
16.43
16.955
17.793
18.625
18.955
19.955
20.645
20.178
21.0
21.726
22.158
21.0
20.057
20.86
21.657
21.703
22.36
22.602
22.604
23.248
22.344
22.871
21.575
21.692
22.205
23.205
24.205
21.74
19.97
15.471
15.779
16.213
16.235
16.216
17.216
15.962
16.481
16.948
17.711
17.676
18.425
17.922
18.429
18.244
17.73
16.827
16.94
17.94
18.0
18.762
18.547
18.545
18.111
17.897
18.649
19.16
20.16
18.671
17.908
18.278
18.88
19.467
20.275
21.275
21.337
20.337
20.978
16.778
17.493
16.887
15.301
14.646
15.458
16.458
17.21
18.036
18.81
19.129
19.895
19.386
18.795
18.476
17.342
17.889
17.268
18.048
17.736
18.736
18.462
18.237
18.17
18.739
19.517
19.021
18.843
17.34
15.937
16.25
15.806
16.253
17.253
16.888
17.107
16.422
17.422
17.206
18.206
18.505
16.891
16.868
17.451
18.25
19.25
19.01
19.825
19.854
20.674
21.274
20.096
20.914
21.097
21.053
21.344
20.552
20.204
17.766
17.667
18.098
19.098
16.492
15.759
14.366
14.392
14.444
13.591
14.481
14.118
14.52
15.398
14.958
15.569
13.868
14.296
14.015
14.628
15.628
16.388
17.239
18.095
18.818
18.854
18.66
19.66
19.839
20.418
21.303
21.743
22.743
18.145
18.718
18.674
18.961
19.655
15.893
16.632
17.358
18.358
16.959
16.447
15.895
14.282
15.282
14.876
15.746
16.521
17.173
17.84
18.729
19.401
18.407
18.02
18.768
18.411
18.816
19.59
20.463
21.436
22.34
22.389
23.092
23.935
24.424
25.169
25.314
26.143
26.848
23.847
24.505
23.046
23.935
24.128
21.494
22.12
22.012
22.964
23.679
24.679
23.314
17.75
17.578
18.292
15.675
15.247
15.437
15.929
15.742
16.742
15.183
13.867
13.243
12.0
11.786
10.975
11.295
12.295
12.976
13.574
13.356
14.176
15.0
16.0
15.538
16.372
17.14
17.052
17.919
15.191
15.286
15.925
16.512
17.301
18.061
19.061
19.951
20.343
20.091
20.012
20.284
18.831
18.489
18.184
18.854
19.738
19.256
20.139
18.821
19.032
18.552
19.176
19.358
18.387
18.97
19.676
18.865
19.732
17.324
18.324
18.94
18.937
19.226
20.096
21.096
21.349
21.846
18.459
17.869
18.725
18.853
19.414
19.647
20.647
21.647
20.141
20.101
19.176
19.897
16.893
17.602
17.78
18.016
18.861
17.826
17.92
18.125
16.277
17.129
17.528
17.7
18.42
19.007
19.607
19.122
19.316
17.763
16.773
16.801
16.746
17.594
18.447
18.336
19.063
17.98
17.418
18.007
16.874
17.18
16.994
17.388
17.847
18.414
17.441
17.673
17.469
17.787
16.684
17.118
15.876
16.0
16.91
17.251
16.822
17.522
15.812
16.0
16.472
17.354
17.362
17.751
18.153
18.941
19.541
19.892
19.155
18.743
19.743
20.184
20.518
18.842
19.47
19.262
19.882
20.882
19.586
19.16
18.48
18.439
18.825
18.995
19.586
16.5
17.176
17.54
17.171
17.97
15.709
16.335
16.516
17.235
17.352
18.242
19.136
18.315
17.968
18.968
18.937
19.176
18.467
19.048
20.048
19.93
20.652
20.346
20.995
20.951
21.193
19.646
19.133
19.691
17.837
18.685
18.471
18.515
19.026
17.909
17.512
16.744
17.744
14.783
15.263
15.912
15.293
15.861
16.416
16.973
16.989
17.774
18.06
18.171
18.687
18.337
18.333
19.138
19.617
20.142
19.667
19.628
20.187
19.958
20.958
21.611
22.357
22.711
23.5
22.697
22.705
23.401
21.607
22.379
22.329
22.37
23.324
23.089
22.093
21.087
22.087
23.087
22.568
23.436
21.224
21.104
22.104
21.96
22.96
23.293
22.755
21.247
20.814
20.205
20.456
21.244
21.164
21.013
20.662
20.056
20.045
17.333
17.286
18.028
17.321
17.387
17.885
15.841
16.841
17.043
17.754
16.38
12.009
11.539
12.437
13.196
13.79
14.651
15.505
16.202
15.471
15.573
15.764
16.2
16.722
16.738
16.917
17.565
17.861
18.125
17.879
17.119
17.776
17.424
18.278
18.664
19.664
19.73
20.561
20.542
20.254
17.643
17.624
17.375
18.375
18.418
19.014
19.65
20.25
19.993
15.61
16.61
17.443
17.613
17.132
16.908
17.446
18.118
18.636
18.652
18.496
19.339
18.585
19.585
19.847
20.183
20.213
20.91
21.193
20.583
21.385
18.243
17.828
14.631
15.631
16.11
16.05
16.919
17.404
15.015
16.015
15.724
16.338
16.208
16.6
16.923
17.312
18.171
18.731
19.286
18.732
18.386
18.423
18.298
19.008
19.854
20.562
20.918
19.216
20.079
19.902
14.112
14.451
15.118
15.6
14.813
15.741
16.154
17.062
15.619
14.944
11.706
12.706
13.455
13.485
13.707
14.294
15.009
15.935
16.759
17.312
17.723
17.889
18.374
18.863
19.699
19.922
19.42
19.432
19.961
20.113
20.942
21.32
21.221
20.861
21.382
21.355
21.613
21.986
18.222
17.887
18.644
19.114
18.135
18.286
18.362
18.067
17.535
16.937
17.309
18.106
18.904
19.904
18.479
18.468
18.86
19.762
20.446
21.266
21.258
20.797
21.47
21.341
20.615
20.902
20.678
21.497
20.973
21.718
22.463
22.547
21.361
20.291
20.597
21.328
20.602
19.446
19.656
19.915
20.617
19.78
20.605
19.534
19.727
18.826
18.784
18.925
19.752
19.464
18.754
19.264
18.312
18.413
18.864
19.864
19.933
20.538
19.731
18.971
19.057
18.97
17.112
17.714
16.861
17.346
17.81
18.625
18.72
17.8
16.389
17.073
18.073
19.073
17.838
15.397
15.9
16.76
16.674
16.405
16.705
16.715
16.881
17.438
17.79
18.179
18.146
17.96
17.496
17.672
17.578
18.293
18.535
18.971
19.436
18.764
18.524
17.796
17.632
18.154
18.619
19.455
18.593
18.584
18.568
19.568
19.916
19.552
20.214
20.231
21.231
21.631
21.275
18.697
18.245
18.258
15.255
16.055
15.953
16.953
16.419
16.444
17.104
16.452
16.182
16.836
17.211
17.699
17.008
18.008
17.782
17.715
18.715
15.947
16.669
14.46
14.793
15.229
15.866
16.511
16.573
16.831
17.38
17.434
18.434
16.316
17.102
17.333
17.753
18.263
18.665
19.316
19.236
19.771
17.942
18.942
18.216
18.96
18.532
19.123
20.123
20.356
21.195
21.91
22.442
23.328
23.169
23.966
24.183
24.839
25.611
24.309
24.175
23.012
23.726
24.726
24.333
25.175
21.588
21.804
22.423
21.116
22.116
18.378
16.361
16.702
16.418
17.154
16.795
15.841
15.756
15.939
15.859
16.646
14.015
14.667
14.986
15.662
15.311
15.087
15.612
16.342
17.125
18.125
19.125
19.171
19.481
20.481
21.275
22.275
22.127
23.127
20.527
21.293
21.787
22.533
20.405
20.417
20.289
20.113
10.483
11.296
7.917
8.566
9.464
8.697
9.658
9.366
10.366
10.582
11.406
12.276
13.141
14.141
14.714
15.714
16.042
16.359
17.246
17.301
17.646
18.108
19.108
19.841
20.652
21.396
22.396
22.292
23.043
23.706
23.611
24.545
25.294
26.294
27.294
26.183
26.981
25.067
20.759
21.667
18.538
19.42
19.263
15.097
15.79
16.167
17.167
17.182
17.562
18.562
18.968
19.968
20.354
21.354
22.124
23.124
24.124
23.329
23.291
23.56
24.56
25.56
26.405
27.111
28.111
27.677
28.525
29.086
29.804
30.804
31.574
32.574
33.574
32.972
33.972
28.917
29.917
30.917
31.917
32.917
31.0
32.0
31.0
32.0
33.0
33.0
34.0
35.0
35.333
36.333
36.0
37.0
0.0
0.0
0.0
0.0
0.0
0.0
0.0
0.0
0.0
0.0
1.0
2.0
3.0
4.0
5.0
6.0
7.0
8.0
9.0
10.0
11.0
12.0
13.0
14.0
15.0
16.0
17.0
18.0
19.0
20.0
21.0
22.0
23.0
24.0
25.0
26.0
27.0
28.0
29.0
30.0
31.0
32.0
33.0
34.0
35.0
36.0
37.0
0.0
0.0
0.0
0.0
0.0
0.0
0.0
0.0
0.0
0.0
0.0
0.0
0.0
0.0
0.0
0.0
0.0
0.0
0.0
12.521
11.67
12.272
10.254
11.229
12.246
13.113
13.582
12.812
13.664
14.664
15.635
16.545
16.691
16.375
17.008
17.764
18.617
19.471
19.172
18.823
18.218
18.763
18.998
19.795
19.786
20.313
20.181
20.923
21.049
17.556
18.056
18.029
17.702
18.244
18.027
18.998
19.762
20.171
19.586
18.649
17.964
18.931
19.731
20.452
16.43
15.217
15.943
16.91
17.473
17.903
17.73
17.355
17.856
18.496
19.431
20.271
19.113
19.775
19.998
20.609
21.063
21.822
22.22
21.587
21.775
21.889
21.069
17.35
17.185
17.868
18.149
17.735
17.053
15.013
15.716
16.138
16.74
16.02
16.839
16.399
17.219
17.92
14.107
14.82
15.645
16.541
16.822
16.33
16.526
17.338
18.338
19.28
20.097
21.005
20.35
21.155
21.966
22.811
23.39
23.751
24.64
24.526
25.074
25.402
24.526
24.368
19.987
19.637
16.803
16.605
17.11
14.062
14.949
15.25
16.04
15.225
15.802
14.396
13.056
13.851
14.308
14.605
15.384
15.434
16.235
15.827
16.115
16.441
16.713
17.684
18.528
19.467
19.302
19.744
20.467
21.196
20.493
20.648
21.618
17.685
17.898
18.183
18.365
19.016
17.695
17.511
14.461
10.944
11.482
12.032
11.959
12.269
12.305
13.036
13.789
14.647
12.938
13.832
14.773
15.22
15.814
15.093
15.156
16.023
16.981
17.678
18.055
18.953
15.31
15.837
15.847
16.527
17.392
18.249
18.709
19.387
20.156
18.489
19.025
19.551
19.988
20.919
21.288
22.172
22.937
20.688
21.213
21.958
21.669
20.967
20.641
21.143
22.045
22.891
22.605
23.022
23.454
24.429
23.596
23.082
22.897
23.84
24.814
25.668
26.296
26.539
20.422
19.922
18.743
18.911
19.508
20.342
20.991
21.47
21.862
21.386
22.043
21.821
20.925
20.908
20.317
21.232
21.896
21.584
18.481
18.145
18.849
16.83
17.42
17.788
18.648
19.569
19.755
16.77
16.162
16.748
14.703
14.671
15.221
16.045
17.009
16.599
17.275
16.942
17.337
17.765
18.053
18.484
16.439
17.057
14.102
14.959
14.658
14.139
15.094
15.173
15.547
15.856
15.975
16.928
17.108
16.991
14.775
13.611
14.51
14.995
15.905
16.564
17.265
18.114
18.394
17.374
17.796
18.251
19.053
17.799
17.419
15.961
16.945
16.231
17.149
17.992
18.531
19.345
19.629
20.582
20.229
20.267
18.684
18.933
18.574
17.579
18.431
18.998
19.064
19.95
19.223
19.908
20.16
20.307
20.489
19.973
20.884
21.128
18.762
17.876
17.169
17.943
18.375
19.321
19.27
19.575
20.214
19.212
18.755
16.675
17.498
16.759
17.269
18.047
18.161
19.035
19.409
20.27
18.167
17.38
18.221
18.022
18.529
18.205
18.344
19.256
19.329
20.308
19.881
20.37
21.029
21.373
22.181
21.775
22.411
23.226
21.707
20.628
19.377
20.017
20.614
20.389
19.625
19.599
20.172
20.714
21.198
18.871
19.619
20.327
20.86
21.621
20.935
21.031
20.836
21.465
18.839
17.654
18.475
17.807
17.581
16.517
16.037
15.888
13.603
14.096
12.783
13.135
13.733
14.238
13.947
13.261
13.56
14.106
14.807
15.258
16.006
16.787
17.581
17.752
18.033
18.668
18.374
18.95
19.625
18.731
19.384
20.251
20.033
20.823
20.775
21.003
21.044
19.067
18.812
18.271
19.092
19.158
19.689
19.696
20.494
20.796
18.629
19.065
17.355
18.019
18.7
19.515
18.563
17.424
18.208
16.883
17.474
17.822
18.521
19.341
20.123
20.679
20.952
21.397
21.067
20.984
21.529
20.717
20.296
20.607
20.359
20.957
21.198
21.843
22.111
17.76
17.013
12.871
13.494
13.698
14.542
14.494
14.456
15.062
15.356
15.95
16.099
16.523
17.065
17.087
17.956
17.33
18.012
17.066
17.235
18.156
17.762
18.097
18.67
19.211
20.159
20.942
21.337
19.459
16.716
15.931
15.462
15.767
16.109
16.741
17.401
18.209
18.994
18.339
18.174
15.045
15.627
15.841
16.282
17.217
17.066
17.828
18.336
18.974
19.929
19.856
20.437
20.415
21.355
20.627
21.429
21.39
21.674
20.278
20.161
20.687
21.282
21.575
22.18
23.09
23.747
22.701
19.602
18.523
18.237
18.625
18.135
18.884
19.762
19.617
20.521
21.104
20.165
18.904
18.706
19.479
19.334
18.297
18.182
18.755
19.394
19.154
19.432
18.15
18.7
19.376
20.345
19.34
20.255
19.877
19.763
16.813
16.838
17.346
17.421
17.253
17.871
18.677
18.941
16.161
16.215
14.852
15.203
16.123
15.697
16.415
16.206
15.757
16.535
17.137
16.705
17.447
17.137
18.08
17.935
17.992
17.83
18.592
19.358
18.639
18.896
17.548
18.071
16.42
17.066
17.848
18.828
19.23
17.161
16.74
16.964
17.645
18.533
18.62
16.785
17.251
17.03
15.023
15.638
15.555
16.442
16.893
13.12
13.222
11.741
12.584
13.161
13.752
14.295
15.098
15.409
16.37
14.565
15.243
15.789
16.724
17.688
18.098
18.531
18.846
19.724
19.325
19.855
18.023
18.189
18.675
18.294
18.621
19.354
20.218
21.003
19.367
18.594
18.258
18.284
18.791
19.647
20.571
21.452
22.142
20.511
19.858
18.604
19.336
19.622
20.374
20.899
21.419
21.902
22.804
21.068
21.191
21.226
20.245
21.148
21.903
22.304
22.533
23.266
23.789
24.487
22.276
21.668
20.808
21.524
22.033
22.602
23.238
24.016
19.316
19.212
17.083
17.154
16.926
17.834
18.574
18.504
19.0
20.0
19.187
18.832
18.882
17.431
18.392
18.991
19.357
19.514
17.502
18.392
18.434
18.353
15.923
16.515
17.282
18.187
18.804
19.424
17.511
16.406
17.054
17.82
17.443
17.172
17.767
17.015
17.097
18.028
17.088
17.07
17.086
17.415
18.037
18.623
19.246
19.544
18.262
19.225
19.84
19.948
20.206
19.143
19.708
19.923
20.62
21.442
19.238
17.263
15.491
16.242
16.863
17.315
17.318
17.993
17.38
17.891
17.254
16.549
16.935
17.249
16.98
17.13
17.702
16.891
16.575
16.945
16.64
17.335
18.068
18.144
18.774
18.254
18.935
19.435
18.35
19.314
18.632
16.37
17.123
17.394
18.106
18.358
18.505
18.863
18.51
17.636
15.88
16.523
17.092
16.857
17.46
18.172
17.473
17.945
18.086
17.839
18.526
19.277
19.581
19.733
19.452
20.364
20.961
21.212
20.595
20.496
21.293
21.825
22.554
22.592
22.946
22.644
23.144
22.541
22.517
19.565
20.488
20.621
21.376
22.034
22.12
22.321
21.36
21.787
22.546
23.01
23.825
23.263
24.263
25.079
26.079
26.912
26.753
25.651
26.563
27.563
27.94
28.684
27.918
28.918
29.918
30.503
30.854
30.243
31.109
31.929
32.437
33.389
33.917
33.534
34.208
28.133
29.133
23.25
3.564
4.328
5.273
6.179
6.871
6.131
7.131
6.398
7.31
7.67
7.97
8.621
8.328
9.046
9.895
5.773
6.464
7.09
8.09
8.714
9.585
10.549
11.469
11.887
12.601
13.521
14.521
15.272
15.295
13.397
14.174
15.174
16.094
16.173
16.59
17.458
18.207
18.996
17.395
17.782
18.117
18.3
18.461
18.833
13.88
14.383
14.692
15.187
15.809
16.684
17.163
17.832
18.658
15.481
15.812
16.27
16.969
17.562
17.765
18.625
19.557
20.158
16.783
17.436
18.001
18.748
19.19
17.375
18.186
19.018
19.898
19.971
20.222
20.02
20.643
20.759
21.249
21.713
22.075
22.492
22.483
23.483
18.348
18.343
17.631
17.995
18.654
18.741
19.411
20.285
17.449
18.157
17.763
17.791
18.312
19.074
18.941
19.547
20.297
21.106
17.149
16.87
16.275
16.85
16.578
16.822
17.273
17.802
17.913
18.067
18.564
17.558
17.546
16.821
16.006
16.431
16.598
17.314
17.477
17.972
18.864
19.475
20.131
20.878
21.039
21.294
21.411
21.758
19.611
20.143
19.618
18.695
19.058
19.012
17.039
17.884
18.761
19.306
19.925
20.172
19.754
20.414
19.347
16.226
16.558
17.135
17.37
17.607
18.497
18.77
17.112
17.335
15.723
15.961
16.395
16.872
17.289
17.733
18.291
19.17
19.46
19.736
19.496
19.035
19.304
19.785
20.391
21.173
21.56
22.194
22.126
20.404
21.046
19.998
19.615
20.212
20.881
21.047
21.248
20.617
20.912
17.202
17.417
17.937
18.682
19.43
20.374
20.208
18.42
17.22
17.618
17.643
16.565
16.935
17.784
18.784
19.244
19.322
19.322
19.749
20.073
19.286
19.268
18.983
19.78
19.832
19.478
20.212
20.88
20.738
21.562
20.505
15.668
15.836
16.62
16.053
16.316
14.92
15.464
16.322
16.894
17.306
16.633
17.079
18.034
18.0
17.998
17.069
17.799
18.42
17.11
17.761
17.974
18.875
19.228
18.529
18.861
19.185
19.993
20.993
19.494
16.698
16.796
16.539
15.881
14.63
15.2
16.122
16.985
17.673
15.356
14.781
15.598
15.429
16.22
16.69
16.81
17.3
17.979
18.509
18.185
18.449
19.449
20.073
16.775
17.099
17.334
18.153
19.028
19.084
19.55
20.392
20.634
20.587
18.899
19.462
20.287
21.135
20.924
19.804
19.761
20.071
19.929
17.391
18.0
18.364
18.943
19.663
19.945
19.738
20.593
21.197
20.513
19.241
19.727
20.229
20.848
21.813
22.481
23.451
24.424
23.939
20.735
20.441
20.573
21.282
22.183
21.969
21.943
22.639
22.931
23.084
18.446
17.804
18.219
18.283
19.069
19.588
19.477
20.035
20.239
19.961
20.684
20.668
21.107
21.292
20.157
20.996
21.711
22.594
21.199
16.088
16.792
17.6
17.695
18.009
13.486
13.123
13.911
13.229
13.65
10.654
11.205
12.176
13.077
13.897
14.016
13.504
14.284
15.177
15.292
14.738
15.52
15.995
16.945
17.422
17.802
18.34
19.064
19.563
19.82
20.619
21.567
21.616
21.647
19.05
19.59
20.546
18.134
17.895
14.904
15.692
16.545
16.087
14.336
13.81
14.514
15.421
15.954
13.522
13.721
14.682
15.57
16.541
17.227
16.193
16.522
17.413
18.168
18.825
19.685
20.25
20.87
21.447
22.205
22.745
23.677
22.445
23.067
22.086
23.063
23.74
23.038
22.371
22.033
22.973
21.764
22.092
16.83
17.25
18.25
16.696
17.543
16.363
15.39
16.015
15.889
16.78
15.165
15.979
15.553
16.504
17.079
16.825
16.879
17.761
18.761
19.544
19.28
19.863
20.399
21.095
21.956
19.743
20.475
19.543
18.436
17.106
15.888
16.708
15.784
16.195
15.675
16.306
17.272
17.686
16.361
16.233
17.042
16.91
17.843
17.961
17.544
18.25
18.561
19.49
16.541
16.38
15.852
16.821
17.65
18.015
17.39
18.164
17.885
18.318
18.521
18.633
19.574
20.308
20.954
19.831
20.548
21.412
20.704
20.392
18.99
19.347
19.615
20.006
20.641
20.99
21.687
20.556
20.068
18.607
19.045
18.639
18.402
19.329
19.972
20.246
20.403
18.675
17.4
17.045
17.345
18.157
19.04
20.002
19.07
19.986
19.285
19.625
20.532
20.251
21.202
21.971
22.563
23.298
24.127
24.511
25.165
25.143
26.03
26.408
26.854
27.751
28.682
29.432
30.134
29.409
29.887
29.247
29.814
30.677
30.0
29.061
30.061
29.138
28.906
19.788
20.396
16.118
7.367
7.275
6.718
7.628
8.337
6.868
6.949
6.05
6.973
7.718
8.672
9.005
9.883
10.526
11.419
11.158
11.794
12.559
12.557
13.502
14.506
15.21
15.371
15.411
16.205
17.205
17.894
18.602
18.004
18.804
19.331
19.818
20.674
17.311
18.086
18.929
19.654
19.327
19.02
19.49
19.517
20.371
21.112
19.794
19.493
17.512
18.282
17.984
15.336
14.924
15.777
16.054
16.413
17.277
17.563
18.268
18.097
18.966
19.109
19.798
19.422
19.55
19.846
20.29
21.079
21.296
20.805
21.558
21.912
22.723
23.045
16.763
17.351
16.824
17.529
17.472
17.156
17.675
17.931
18.663
19.593
19.661
19.67
18.216
16.916
16.799
13.63
13.906
14.515
14.919
15.15
15.99
15.646
16.592
17.421
18.21
18.248
19.055
19.34
20.2
20.662
20.801
21.504
17.215
18.076
19.076
19.786
20.629
19.895
20.534
21.246
21.37
22.37
22.077
22.784
21.762
21.8
22.4
23.4
23.897
22.783
20.475
19.74
18.855
18.887
18.649
17.514
16.66
16.779
17.178
15.413
15.66
15.521
15.703
16.273
17.1
15.495
15.934
15.885
15.907
16.556
14.929
15.704
12.69
13.5
14.315
15.078
15.732
11.309
11.99
12.411
13.165
14.165
14.101
14.593
14.618
15.161
15.256
15.557
16.22
16.932
16.945
17.641
18.0
18.257
18.829
16.802
17.802
18.335
18.773
19.407
19.834
20.458
21.246
21.257
22.257
22.778
23.651
24.316
24.387
25.255
23.994
24.994
25.833
26.694
27.635
22.96
23.213
22.753
23.11
24.11
25.11
25.6
24.475
25.035
25.782
26.782
27.782
28.333
29.22
30.22
31.22
31.894
32.894
29.833
30.833
31.833
32.833
33.833
31.667
30.0
34.0
35.0
36.0
37.0
0.0
0.0
0.0
0.0
0.0
0.0
0.0
0.0
0.0
0.0
0.0
0.0
0.0
0.0
0.0
0.0
0.0
0.0
0.0
0.0
0.0
0.0
0.0
0.0
0.0
0.0
0.0
0.0
1.0
2.0
3.0
4.0
5.0
6.0
7.0
8.0
9.0
10.0
11.0
12.0
13.0
14.0
15.0
16.0
17.0
18.0
19.0
20.0
21.0
22.0
23.0
24.0
25.0
26.0
27.0
28.0
29.0
30.0
31.0
32.0
33.0
34.0
35.0
36.0
37.0
0.0
0.0
0.0
0.0
1.0
2.0
9.321
10.321
11.321
11.897
10.686
10.763
11.763
12.763
13.763
14.385
15.385
16.0
17.0
18.0
19.0
18.143
16.429
17.023
16.378
17.378
17.229
18.229
19.229
20.229
20.872
21.872
22.872
21.0
19.6
18.227
18.364
18.195
18.738
19.738
20.256
21.256
21.075
19.757
19.692
20.692
21.692
22.289
20.531
19.828
20.828
21.828
22.828
23.321
23.815
24.815
25.815
25.857
25.931
25.654
24.125
24.565
22.571
16.5
11.5
12.5
13.5
11.864
12.864
13.864
14.864
13.65
12.056
13.056
13.0
14.0
14.343
15.343
15.706
16.706
17.706
18.121
17.903
18.903
18.697
19.697
20.697
21.697
22.697
23.697
24.697
25.697
25.912
24.73
25.73
26.417
17.906
18.906
18.833
19.473
20.148
14.913
12.6
13.268
13.929
9.5
10.5
11.171
12.171
11.525
12.525
13.525
13.923
14.55
14.136
14.8
15.8
16.435
17.435
18.043
18.265
19.265
19.104
19.3
20.3
21.3
22.3
23.3
23.824
24.824
25.58
25.312
26.312
25.706
20.545
20.912
20.906
21.387
21.687
20.5
20.759
21.179
20.103
20.4
21.4
20.452
21.452
19.462
19.704
19.276
20.276
20.679
18.958
16.962
17.962
18.2
19.2
17.962
16.038
16.407
16.615
15.917
16.917
17.917
18.917
19.917
20.174
21.174
22.174
22.5
23.5
22.368
21.143
21.35
21.286
21.273
21.524
22.524
21.714
22.714
21.1
21.263
22.263
18.3
17.545
17.739
15.115
13.192
11.182
12.182
13.182
11.8
12.867
13.867
14.867
14.286
13.538
13.6
14.038
15.038
16.038
16.407
17.407
18.407
19.407
19.0
19.333
20.333
21.333
21.613
19.531
20.531
21.0
20.774
21.774
22.774
22.793
23.793
24.793
25.793
25.9
25.667
24.769
17.081
15.667
13.167
8.414
9.414
10.414
11.414
10.588
11.588
12.588
13.2
13.806
14.806
15.171
16.171
17.171
17.588
18.057
19.057
20.057
19.441
19.909
18.158
18.667
19.184
18.657
19.111
19.568
20.083
19.974
20.974
21.974
22.974
23.974
24.974
24.974
25.974
26.676
22.72
23.72
21.4
22.4
23.4
23.947
24.947
21.643
21.133
22.133
23.133
23.143
23.692
10.355
11.0
12.0
13.0
11.548
12.548
12.727
12.27
13.27
10.242
10.406
11.406
12.406
12.613
12.8
13.355
13.906
14.906
15.424
16.424
17.424
17.882
18.303
17.216
17.737
18.737
19.737
19.7
20.7
20.186
20.705
21.705
22.705
22.841
23.841
24.841
25.841
26.841
19.321
16.594
14.816
15.025
12.886
13.886
13.195
12.316
12.974
13.342
14.342
14.949
15.949
16.949
17.5
18.0
18.5
19.5
13.473
14.214
15.214
15.263
16.263
15.407
15.704
16.704
17.704
17.962
18.962
18.48
17.66
18.315
19.315
19.981
20.218
21.218
20.5
20.443
20.881
20.709
19.333
18.367
17.25
16.06
17.06
18.06
18.673
19.673
18.759
18.727
19.727
20.727
21.426
21.246
21.862
22.596
16.949
17.949
18.949
18.0
18.073
18.6
18.195
19.195
19.256
18.146
18.755
18.98
18.378
18.955
19.955
19.208
18.625
19.625
18.622
18.31
18.86
19.409
20.409
20.195
21.195
19.486
18.868
19.868
19.825
20.825
18.429
18.882
16.9
17.9
18.9
17.487
17.513
18.05
18.585
19.585
20.585
20.744
20.865
20.744
19.795
20.275
20.395
15.974
15.22
15.317
16.317
17.317
17.465
14.267
13.886
14.283
14.457
15.128
15.319
14.878
14.962
12.576
13.576
14.358
14.297
14.612
14.923
14.786
14.419
15.013
13.93
14.75
14.175
13.878
14.593
15.312
16.038
16.617
17.402
18.402
19.402
19.962
20.012
20.797
21.0
20.737
19.231
19.481
20.481
19.551
20.149
19.195
19.732
20.519
20.793
21.593
22.123
22.266
22.39
18.391
19.391
19.014
18.961
19.219
19.68
18.903
18.279
18.136
18.561
19.426
18.083
17.732
18.732
18.115
19.115
14.756
15.468
16.468
17.025
18.025
18.532
19.282
19.316
19.3
17.897
17.662
18.169
16.743
17.014
16.694
15.167
16.167
16.458
16.849
16.82
17.591
18.159
17.78
18.543
18.584
18.575
19.053
18.308
18.816
18.123
18.887
19.658
19.529
19.607
20.607
21.607
21.69
20.967
17.736
18.479
18.468
18.973
17.833
17.977
18.337
18.91
18.837
17.862
17.784
18.146
18.5
18.847
19.41
16.959
17.25
16.451
15.494
15.06
15.869
16.614
17.614
17.965
16.947
17.947
18.533
17.856
18.446
18.151
18.929
19.5
19.383
19.937
18.584
19.375
19.922
19.702
20.702
21.506
21.45
21.902
21.041
21.116
21.544
21.881
21.292
20.522
20.773
20.015
20.761
21.761
19.304
19.844
19.112
18.189
14.19
14.458
15.183
15.988
16.988
17.025
14.519
15.519
16.308
16.263
16.703
16.308
17.308
16.353
17.107
18.107
16.554
17.32
17.541
17.15
17.926
18.695
18.774
18.869
19.635
20.635
21.635
22.452
22.333
22.0
23.0
21.333
22.333
23.333
21.831
22.831
21.768
22.443
18.446
19.109
19.75
20.436
20.684
21.393
20.863
21.863
22.56
23.265
23.314
22.826
23.826
22.053
22.462
23.462
24.462
23.875
24.538
23.273
23.121
23.687
22.533
22.5
18.235
18.686
19.686
18.564
19.564
16.667
17.667
14.437
13.351
14.351
14.947
15.947
15.143
15.5
15.156
13.973
14.333
14.919
14.657
15.657
16.657
17.657
17.649
17.692
17.649
18.649
19.649
20.649
20.079
14.304
14.525
12.923
13.116
14.116
14.357
15.357
14.76
15.351
13.819
14.292
15.082
14.812
15.812
15.508
16.258
17.0
16.387
16.844
17.524
18.524
17.643
18.643
18.581
17.986
18.718
18.541
19.541
19.74
20.026
21.026
21.538
22.132
22.538
23.538
24.228
24.912
25.442
22.386
22.983
21.408
20.082
20.66
20.979
21.1
18.628
15.5
15.769
16.038
16.627
16.648
17.648
16.508
16.885
17.262
17.968
18.033
18.726
19.726
17.792
17.786
17.308
14.508
15.145
14.683
14.97
14.921
14.952
15.952
15.119
15.652
16.015
15.2
15.487
16.2
16.538
17.316
17.395
18.171
18.0
17.659
18.659
19.217
20.0
18.384
19.125
19.597
20.597
20.884
21.884
20.841
21.238
21.635
22.387
23.148
23.525
24.525
25.333
25.492
26.492
24.809
25.021
24.404
19.849
20.849
20.364
20.982
20.06
18.788
19.788
17.659
17.738
15.74
15.854
16.404
16.0
16.512
13.275
11.696
12.426
13.426
14.426
14.935
15.935
16.109
17.109
17.0
17.64
17.88
18.333
18.542
18.038
18.333
18.981
19.981
20.981
18.783
19.783
20.783
21.508
21.965
20.146
20.714
20.652
21.289
22.289
21.854
22.854
23.854
24.854
22.909
23.206
23.514
24.514
25.514
21.92
22.92
22.4
23.4
24.4
25.4
24.444
24.962
19.286
18.091
18.0
17.848
18.848
19.281
17.75
17.269
16.964
17.964
18.964
12.75
13.75
14.75
15.75
15.952
16.952
16.95
17.95
18.95
19.95
20.95
20.905
20.0
21.0
20.24
20.542
20.826
21.826
22.826
23.826
24.826
25.273
26.273
27.273
25.917
25.909
18.5
9.81
10.81
11.273
10.087
9.808
10.444
11.444
11.586
10.321
8.806
9.051
9.116
10.116
11.116
12.116
12.837
13.523
14.523
14.848
14.878
15.878
16.54
16.78
15.635
14.417
13.951
14.951
15.583
16.583
17.583
17.154
18.154
18.582
19.294
20.294
20.478
21.242
19.754
20.754
21.754
22.482
22.944
21.13
22.13
23.13
23.596
24.333
22.977
21.361
22.361
23.361
24.361
25.361
24.974
25.649
25.947
26.333
26.364
27.364
28.062
28.774
28.192
25.278
24.812
25.812
26.812
27.812
28.812
26.091
27.091
25.889
25.5
26.5
26.0
27.0
28.0
29.0
30.0
31.0
32.0
26.333
27.333
28.333
29.333
30.333
31.333
32.333
33.333
34.333
35.333
36.333
36.0
37.0
0.0
0.0
0.0
0.0
0.0
0.0
0.0
0.0
0.0
0.0
0.0
0.0
0.0
0.0
0.0
0.0
0.0
0.0
0.0
0.0
0.0
0.0
0.0
0.0
0.0
0.0
0.0
0.0
0.0
0.0
0.0
0.0
0.0
0.0
0.0
0.0
0.0
0.0
0.0
0.0
0.0
0.0
0.0
0.0
0.0
0.0
0.0
0.0
0.0
0.0
0.0
0.0
0.0
0.0
0.0
0.0
0.0
0.0
0.0
0.0
0.0
0.0
0.0
0.0
0.0
0.0
0.0
0.0
0.0
0.0
0.0
0.0
0.0
0.0
0.0
0.0
0.0
0.0
0.0
0.0
0.0
0.0
0.0
0.0
0.0
0.0
0.0
0.0
0.0
0.0
0.0
0.0
0.0
0.0
0.0
0.0
0.0
0.0
0.0
0.0
0.0
0.0
0.0
0.0
0.0
0.0
0.0
0.0
0.0
0.0
0.0
0.0
0.0
0.0
0.0
0.0
0.0
0.0
0.0
0.0
0.0
0.0
0.0
0.0
0.0
0.0
0.0
0.0
0.0
0.0
0.0
0.0
0.0
0.0
0.0
0.0
0.0
0.0
0.0
0.0
0.0
0.0
0.0
0.0
0.0
0.0
0.0
0.0
0.0
0.0
0.0
0.0
0.0
0.0
0.0
0.0
0.0
0.0
0.0
0.0
0.0
0.0
0.0
0.0
0.0
0.0
0.0
0.0
0.0
0.0
0.0
0.0
0.0
0.0
0.0
0.0
0.0
0.0
0.0
0.0
0.0
0.0
0.0
0.0
0.0
0.0
0.0
0.0
0.0
0.0
0.0
0.0
0.0
0.0
0.0
0.0
0.0
0.0
0.0
0.0
0.0
0.0
0.0
0.0
0.0
0.0
0.0
0.0
0.0
7.2
8.2
9.2
10.2
10.167
11.167
10.429
11.429
12.429
13.429
14.429
13.5
14.5
15.5
16.5
17.5
18.5
19.5
18.222
19.222
20.222
21.222
20.25
21.25
22.25
23.25
17.636
18.636
16.615
13.909
14.909
14.583
15.583
16.583
17.583
18.583
17.909
17.0
15.778
16.778
17.778
18.778
19.778
20.778
19.75
20.75
21.75
22.75
23.75
20.0
21.0
19.556
20.556
21.556
22.556
23.556
22.875
23.875
24.875
25.875
21.5
22.5
23.5
24.5
20.143
21.143
13.167
14.167
15.167
11.8
12.8
13.8
14.8
15.8
16.8
17.8
15.667
16.667
13.75
14.75
15.75
16.75
17.75
18.75
19.75
20.75
21.75
20.571
18.875
17.286
18.286
19.286
20.286
21.286
19.5
20.5
19.444
20.444
14.625
15.625
16.625
17.625
18.625
19.625
18.143
19.143
20.143
21.143
22.143
23.143
24.143
25.143
24.167
25.167
23.8
20.667
15.333
16.333
17.333
18.333
19.333
15.25
16.25
17.25
18.25
19.25
15.5
16.5
17.5
18.5
19.5
18.0
15.833
14.429
15.429
15.2
13.667
14.667
15.667
12.5
10.8
11.8
12.8
13.8
14.8
15.8
16.8
17.8
18.8
19.8
20.8
18.167
19.167
20.167
16.615
15.917
16.917
17.917
18.917
14.818
15.818
16.818
17.818
18.818
18.0
17.273
18.273
19.273
20.273
19.8
20.8
21.8
22.8
17.0
18.0
19.0
20.0
18.167
15.4
16.4
17.4
18.4
19.4
20.4
21.4
22.4
23.4
24.4
25.4
23.5
21.778
22.778
19.714
20.714
21.714
22.714
23.714
22.5
12.818
10.857
11.857
12.857
13.857
13.077
14.077
14.0
13.125
13.294
13.5
11.864
12.864
8.5
9.053
10.053
8.4
9.4
10.0
11.0
12.0
13.0
14.0
15.0
15.407
16.407
16.786
17.786
18.786
19.103
19.464
15.486
16.486
17.026
17.564
18.1
19.1
20.1
16.769
14.846
15.073
16.073
17.073
16.109
17.109
17.283
17.386
17.93
17.244
16.317
17.317
17.39
18.39
18.488
15.641
15.452
15.927
16.14
16.75
16.271
17.271
17.898
17.412
18.412
19.04
19.269
20.269
18.102
19.102
16.88
17.88
18.12
17.654
17.923
18.222
19.222
18.8
17.52
17.708
18.708
19.306
18.295
18.457
19.044
19.191
20.191
20.045
21.045
22.045
22.698
23.698
24.049
24.385
24.333
24.0
23.0
23.622
23.0
24.0
24.594
24.31
17.07
18.07
18.146
19.146
15.818
16.324
17.324
17.306
15.784
15.571
15.941
15.625
16.625
17.625
16.621
15.485
16.485
16.844
17.844
17.0
16.909
16.613
17.613
18.613
19.613
19.969
20.969
21.969
21.618
22.618
22.943
22.412
22.5
22.788
22.967
23.967
24.161
25.161
17.75
18.75
19.75
20.75
21.75
19.783
17.68
16.045
16.048
17.048
18.048
16.667
16.308
15.517
16.517
14.24
15.24
15.037
13.968
14.2
13.571
14.069
14.097
15.097
16.097
16.4
16.839
16.758
16.452
15.912
16.273
16.625
15.667
15.611
16.611
17.611
18.057
19.057
18.971
19.971
20.971
20.784
21.211
20.857
20.344
21.344
20.429
19.737
19.7
17.85
16.95
16.324
17.324
18.324
19.324
17.789
16.529
17.029
18.029
18.471
16.278
15.171
15.068
16.068
16.581
15.111
15.426
14.955
14.814
15.814
13.279
13.644
14.644
15.644
16.644
17.261
16.592
17.24
17.208
16.774
17.385
18.385
18.327
18.017
17.684
17.611
17.865
18.1
18.312
18.176
19.176
20.176
20.769
20.36
21.36
21.176
22.176
23.176
23.0
20.844
20.209
21.209
19.896
19.341
18.614
17.979
18.574
19.574
16.633
16.766
17.766
18.0
19.0
19.224
18.644
19.227
18.047
17.279
18.279
18.841
17.651
14.773
14.578
15.578
16.578
17.196
17.809
17.5
18.089
19.089
19.682
17.44
18.44
17.92
18.92
19.92
20.92
20.041
19.471
19.698
18.896
19.896
19.723
17.87
17.714
18.34
16.795
17.795
18.795
18.488
19.045
19.628
20.628
21.628
21.878
22.103
23.103
23.128
23.378
20.941
20.937
21.937
21.588
20.857
21.382
21.139
18.975
19.024
19.558
17.167
16.769
16.237
17.237
16.902
17.902
17.923
13.867
13.791
14.791
15.432
15.568
13.977
13.293
13.366
14.024
14.341
14.674
14.848
15.356
15.66
16.66
17.66
18.681
19.271
19.46
19.412
20.019
19.941
20.941
19.293
17.203
17.302
17.738
18.127
17.14
17.418
18.418
19.071
18.036
18.691
18.356
18.357
18.69
18.4
16.538
17.538
17.472
18.096
17.421
17.333
18.333
18.615
19.615
16.328
15.328
15.984
16.984
17.048
17.484
18.484
19.484
19.891
20.016
20.459
21.183
21.915
22.915
20.818
18.277
18.875
19.087
20.087
19.4
20.4
21.4
22.082
22.109
22.617
22.279
23.279
22.0
20.409
19.625
20.204
20.489
21.489
19.267
19.404
20.404
21.404
22.404
17.947
16.061
17.061
18.061
18.469
16.576
17.576
16.568
17.0
17.429
18.429
19.429
18.816
19.816
18.794
19.794
18.583
19.054
18.098
17.054
17.579
18.579
19.579
20.579
20.579
21.579
22.579
22.343
21.969
18.806
18.581
18.969
19.364
18.103
16.483
17.483
18.483
19.483
19.172
20.172
21.172
22.172
23.172
22.577
23.577
18.731
19.731
20.731
20.926
21.926
20.2
21.292
20.577
20.778
18.231
17.769
15.273
14.32
14.375
14.76
13.143
14.143
14.296
15.296
16.296
17.296
18.296
16.28
16.417
16.522
17.522
18.522
18.682
19.682
20.682
21.682
21.952
22.952
23.952
24.952
25.952
23.583
24.583
21.0
22.0
23.0
23.333
24.333
23.524
24.524
24.211
22.722
21.937
21.933
22.933
20.417
21.417
22.417
16.125
17.125
18.125
19.125
20.125
21.125
22.125
21.0
22.0
23.0
21.0
22.0
23.0
24.0
22.222
23.222
21.8
22.8
23.8
24.8
25.8
22.0
23.0
15.333
16.333
17.333
18.333
12.889
10.875
11.875
12.875
10.429
11.429
12.429
13.429
14.429
15.429
16.429
17.429
18.429
19.429
20.429
21.429
22.429
23.429
24.429
25.429
26.429
25.667
26.667
27.667
28.667
17.5
18.5
16.857
17.857
18.857
19.857
20.857
21.857
22.857
21.5
22.5
23.5
24.5
9.75
10.75
11.75
12.75
13.75
14.75
12.6
13.6
14.6
15.6
16.6
17.6
18.6
19.6
17.167
18.167
19.167
20.167
21.167
22.167
23.167
24.167
25.167
26.167
27.167
18.333
19.333
20.333
21.333
22.333
23.333
24.333
25.333
26.333
20.5
21.5
22.5
23.5
20.0
21.0
22.0
23.0
24.0
25.0
20.0
21.0
22.0
23.0
16.0
17.0
18.0
19.0
11.0
8.0
9.0
7.5
8.5
9.5
8.4
9.4
7.429
8.429
9.429
10.429
11.429
12.429
13.429
14.429
13.5
9.667
9.846
10.846
9.667
10.667
10.769
11.769
11.857
12.857
13.857
14.857
14.8
13.941
14.941
15.941
16.941
17.941
17.75
17.647
17.611
18.611
18.579
18.556
16.762
15.227
16.227
17.227
17.286
17.455
14.348
15.348
15.667
16.667
17.667
18.667
19.667
19.84
20.125
16.905
16.9
17.9
18.0
16.625
16.042
17.042
16.458
17.458
17.038
18.038
18.28
16.24
17.24
18.24
18.5
18.84
17.103
17.5
17.828
18.828
17.9
18.9
17.25
16.111
17.111
18.111
19.111
19.423
18.13
19.13
19.318
20.318
21.318
22.318
23.318
23.667
24.667
25.05
26.05
27.05
27.526
26.75
27.067
28.067
28.429
29.429
29.167
30.167
31.167
31.0
32.0
32.556
33.556
34.556
33.6
33.75
34.75
25.167
20.25
21.25
17.0
8.0
9.0
10.0
7.333
8.333
9.333
7.75
8.75
7.8
8.8
9.8
10.8
11.8
12.8
13.8
14.8
15.8
14.0
15.0
16.0
17.0
18.0
19.0
20.0
21.0
22.0
20.0
21.0
22.0
23.0
24.0
25.0
26.0
27.0
25.5
26.5
27.5
28.5
29.5
29.667
30.667
28.5
29.5
30.5
31.5
16.25
10.333
8.5
9.5
10.5
11.5
12.5
13.5
14.5
15.5
9.333
10.333
11.333
12.333
13.333
14.333
15.333
9.8
10.8
11.8
12.8
13.8
14.8
15.8
16.8
17.8
18.8
16.833
17.833
18.833
19.833
20.833
21.833
22.833
23.833
24.833
25.833
26.833
22.75
23.75
20.333
21.333
22.333
23.333
24.333
25.333
26.333
27.333
28.333
29.333
30.333
31.333
32.333
33.333
34.333
30.0
31.0
32.0
33.0
34.0
35.0
36.0
37.0
0.0
0.0
0.0
0.0
0.0
0.0
0.0
0.0
0.0
0.0
0.0
0.0
0.0
0.0
0.0
0.0
0.0
0.0
0.0
0.0
0.0
0.0
0.0
0.0
0.0
0.0
0.0
0.0
0.0
0.0
0.0
0.0
0.0
0.0
0.0
0.0
0.0
0.0
0.0
0.0
0.0
0.0
0.0
0.0
0.0
0.0
0.0
0.0
0.0
0.0
0.0
0.0
0.0
0.0
0.0
0.0
0.0
0.0
0.0
0.0
0.0
0.0
0.0
0.0
0.0
0.0
0.0
0.0
0.0
0.0
0.0
0.0
0.0
0.0
0.0
0.0
0.0
0.0
0.0
0.0
0.0
0.0
0.0
0.0
0.0
0.0
0.0
0.0
0.0
0.0
0.0
0.0
0.0
0.0
0.0
0.0
0.0
0.0
0.0
0.0
0.0
0.0
0.0
0.0
0.0
0.0
0.0
0.0
0.0
0.0
0.0
0.0
0.0
0.0
0.0
0.0
0.0
0.0
0.0
0.0
0.0
0.0
0.0
0.0
0.0
0.0
0.0
0.0
0.0
0.0
0.0
0.0
0.0
0.0
0.0
0.0
0.0
0.0
0.0
0.0
0.0
0.0
0.0
0.0
0.0
0.0
0.0
0.0
0.0
0.0
0.0
0.0
0.0
0.0
0.0
0.0
0.0
0.0
0.0
0.0
0.0
0.0
0.0
0.0
0.0
0.0
0.0
0.0
0.0
0.0
0.0
0.0
0.0
0.0
0.0
0.0
0.0
0.0
0.0
0.0
0.0
0.0
0.0
0.0
0.0
0.0
0.0
0.0
0.0
0.0
0.0
0.0
0.0
0.0
0.0
0.0
0.0
0.0
0.0
0.0
0.0
0.0
0.0
0.0
0.0
0.0
0.0
0.0
0.0
0.0
0.0
0.0
0.0
0.0
0.0
0.0
0.0
0.0
0.0
0.0
0.0
0.0
0.0
0.0
0.0
0.0
0.0
0.0
0.0
0.0
0.0
0.0
0.0
0.0
0.0
0.0
0.0
0.0
0.0
0.0
0.0
0.0
0.0
0.0
0.0
0.0
0.0
0.0
0.0
0.0
0.0
0.0
0.0
0.0
0.0
0.0
0.0
0.0
0.0
0.0
0.0
0.0
0.0
0.0
0.0
0.0
0.0
0.0
0.0
0.0
0.0
0.0
0.0
0.0
0.0
0.0
0.0
0.0
0.0
0.0
0.0
0.0
0.0
0.0
0.0
0.0
0.0
0.0
0.0
0.0
0.0
0.0
0.0
0.0
0.0
0.0
0.0
0.0
0.0
0.0
0.0
0.0
0.0
0.0
0.0
0.0
0.0
0.0
0.0
0.0
0.0
0.0
0.0
0.0
0.0
0.0
0.0
0.0
0.0
0.0
0.0
0.0
0.0
0.0
0.0
0.0
0.0
0.0
0.0
0.0
0.0
0.0
0.0
0.0
0.0
0.0
0.0
0.0
0.0
0.0
0.0
0.0
0.0
0.0
0.0
0.0
0.0
0.0
0.0
0.0
0.0
0.0
0.0
0.0
0.0
0.0
0.0
0.0
0.0
0.0
0.0
0.0
0.0
0.0
0.0
0.0
0.0
0.0
0.0
0.0
0.0
0.0
0.0
0.0
0.0
0.0
0.0
0.0
0.0
0.0
0.0
0.0
0.0
0.0
0.0
0.0
0.0
0.0
0.0
0.0
0.0
0.0
0.0
13.8
14.8
15.8
16.8
17.8
18.8
19.8
20.8
21.8
22.8
23.8
24.8
25.8
26.8
27.8
28.8
27.75
25.667
26.667
27.667
28.667
29.667
30.667
23.75
24.75
25.75
26.75
27.75
28.75
21.5
7.0
8.0
9.0
10.0
11.0
12.0
13.0
14.0
15.0
16.0
17.0
18.0
19.0
20.0
21.0
22.0
23.0
24.0
25.0
26.0
27.0
28.0
29.0
30.0
31.0
32.0
33.0
34.0
35.0
36.0
18.5
1.0
2.0
1.5
2.5
3.5
4.5
5.5
6.5
7.5
8.5
9.5
10.5
11.5
12.5
13.5
14.5
15.5
16.5
17.5
18.5
19.5
20.5
21.5
15.0
16.0
8.5
9.5
10.5
11.5
12.5
10.125
11.125
12.125
13.125
14.125
8.067
9.067
8.071
9.071
10.071
9.0
10.0
11.0
12.0
13.0
14.0
15.0
16.0
17.0
18.0
19.0
20.0
21.0
22.0
23.0
24.0
25.0
26.0
27.0
26.0
27.0
27.231
28.231
26.6
27.6
28.6
29.6
30.6
30.0
31.0
32.0
33.0
34.0
14.0
15.0
16.0
17.0
18.0
19.0
10.0
11.0
8.667
9.667
10.667
11.667
12.667
10.25
11.25
12.25
13.25
14.25
15.25
16.25
17.25
18.25
15.4
16.4
5.444
6.444
7.444
7.6
8.6
9.6
10.6
11.6
11.455
12.455
12.333
13.333
13.231
14.231
15.231
16.231
14.0
15.0
14.222
15.222
13.5
13.647
13.833
14.833
15.833
16.833
17.833
17.706
18.706
19.706
20.706
21.706
21.444
22.444
21.1
22.1
22.316
23.316
19.429
20.429
20.0
19.786
18.187
19.187
16.167
17.167
16.056
15.35
14.5
15.5
11.786
12.786
11.029
12.029
10.687
11.687
11.0
12.0
13.0
13.172
12.433
13.433
13.968
14.968
15.968
16.968
17.406
17.848
18.848
19.848
20.312
21.312
21.267
21.806
22.806
23.806
24.806
25.806
26.433
26.875
26.955
27.955
27.526
27.1
28.1
27.529
25.526
26.526
25.562
26.562
19.444
20.444
21.444
22.444
23.444
24.444
25.444
26.444
24.429
19.778
18.625
19.625
20.625
19.286
17.333
14.4
15.4
13.667
14.667
15.667
16.667
17.667
18.667
19.667
20.667
16.25
17.25
18.25
19.25
20.25
21.25
20.0
21.0
22.0
18.429
17.0
14.4
14.0
15.0
16.0
15.583
16.583
17.583
18.583
18.077
16.533
17.533
15.538
14.333
15.333
8.45
9.0
10.0
11.0
12.0
11.75
11.087
10.692
11.692
12.731
13.731
14.731
15.731
14.36
15.36
16.36
17.36
17.654
18.654
19.654
20.654
21.654
20.31
20.0
19.036
19.37
20.37
18.613
19.0
17.143
18.143
18.588
19.588
19.5
20.5
21.5
21.467
22.467
18.25
18.435
19.435
20.435
20.542
21.542
20.333
18.556
19.556
17.619
17.0
18.0
16.185
14.2
15.2
14.294
15.294
15.636
16.147
14.949
15.949
16.949
16.278
15.784
16.194
17.194
18.194
15.4
14.35
11.778
12.778
13.778
14.778
15.778
16.324
17.324
18.324
19.324
18.308
18.366
18.905
19.442
19.558
19.644
20.196
20.745
21.292
21.244
20.109
21.109
20.595
18.875
19.39
18.486
19.486
19.436
19.974
16.405
17.405
17.921
18.921
18.405
17.512
18.071
18.591
18.244
16.639
17.057
17.081
18.081
19.081
19.553
20.081
21.081
20.949
21.949
21.694
21.794
21.676
21.559
22.091
21.437
21.935
21.71
22.2
22.516
21.964
22.964
23.444
23.36
21.148
20.621
21.621
21.481
22.481
20.957
21.042
19.826
19.16
18.609
16.048
15.238
14.826
13.481
12.613
13.187
12.6
12.75
13.75
13.562
13.706
13.889
11.795
12.795
13.795
14.795
15.211
15.211
16.211
15.795
16.795
15.45
16.45
17.45
17.767
18.767
19.318
19.867
19.186
19.317
20.317
20.81
21.81
19.551
19.0
19.294
18.442
19.442
16.532
17.197
17.233
16.526
15.981
16.577
17.167
17.075
15.967
16.333
15.062
15.111
14.224
15.224
16.224
16.932
17.932
18.288
18.656
18.707
18.431
18.768
18.45
17.641
18.641
19.338
19.581
19.968
19.719
20.462
21.462
22.219
22.862
21.877
21.636
21.466
21.232
19.762
17.115
16.821
17.455
17.855
18.855
19.158
20.158
20.207
18.189
18.827
17.457
18.022
19.022
14.532
15.286
15.935
16.935
17.607
17.65
18.048
17.823
18.823
18.569
15.672
16.018
16.386
17.386
17.719
17.396
18.396
19.396
20.396
21.077
22.077
22.642
23.078
23.333
21.196
20.02
19.167
20.167
21.167
21.714
20.891
21.891
22.891
22.239
22.271
23.271
23.776
24.776
19.281
15.667
16.667
17.667
18.667
17.769
16.0
16.475
17.049
18.049
15.147
14.194
15.194
16.194
16.6
17.6
15.14
16.14
16.75
17.75
18.333
18.087
18.681
18.872
17.51
14.937
15.468
14.604
15.604
16.192
14.267
15.267
16.0
16.288
13.882
14.882
14.676
15.676
15.377
13.493
14.096
15.096
16.096
16.507
16.284
16.783
17.485
18.485
19.485
19.379
20.379
21.379
21.721
22.721
21.459
22.459
19.347
19.797
20.562
19.711
20.48
20.973
21.07
18.377
18.195
17.038
17.593
18.366
17.068
18.068
18.806
19.753
17.694
18.694
18.431
19.431
18.02
18.314
18.551
19.16
20.16
19.962
20.962
20.923
21.509
22.509
22.655
23.389
24.389
25.389
24.981
24.19
24.534
25.316
22.213
19.519
19.4
18.64
19.64
20.286
21.286
16.463
14.842
13.943
13.545
13.812
14.812
13.676
14.676
15.676
16.676
17.237
18.237
17.897
18.897
19.897
20.897
21.179
22.179
21.944
21.737
22.324
22.917
23.917
22.189
22.0
23.0
24.0
24.297
21.189
19.575
20.073
20.205
17.531
15.967
16.967
17.967
17.781
15.816
14.611
14.971
14.711
15.711
16.282
16.85
13.886
13.054
14.054
14.417
15.0
15.579
15.579
15.415
16.415
17.415
18.415
19.415
20.415
19.561
17.766
17.8
18.8
18.638
18.413
19.413
19.979
17.298
15.081
14.569
15.175
14.783
15.525
14.912
13.872
13.976
14.407
13.27
14.08
14.882
14.973
15.973
16.681
16.625
17.384
17.543
18.028
19.028
19.5
20.0
21.0
21.284
21.956
22.956
23.956
22.329
23.329
23.042
22.538
22.59
23.21
24.21
23.462
24.462
23.221
21.036
21.231
21.018
18.922
17.918
18.0
16.667
13.039
12.286
13.286
12.281
12.839
11.698
12.698
13.698
14.469
13.848
14.492
14.809
15.136
13.312
14.013
15.013
16.013
17.013
16.687
17.687
18.464
17.513
18.513
17.0
18.0
19.0
19.36
20.36
19.824
20.824
20.556
21.556
22.556
23.0
21.25
21.493
21.729
22.507
22.507
23.288
23.925
23.153
23.361
21.491
21.328
22.328
23.07
22.182
22.786
22.981
23.109
19.366
18.977
19.977
20.977
21.489
20.55
20.524
21.122
22.122
22.775
17.844
18.273
19.273
18.029
19.029
18.344
13.457
13.34
13.216
12.946
13.702
10.806
11.409
11.833
12.642
13.273
14.06
14.072
14.648
15.0
14.925
15.076
16.076
16.591
16.359
16.101
17.101
17.0
18.0
18.162
18.614
19.614
20.362
21.362
21.896
20.184
21.184
20.561
21.15
21.146
21.619
21.78
22.78
23.494
21.515
22.284
21.952
21.655
21.267
17.915
18.143
18.75
19.362
20.362
19.714
19.587
19.795
20.795
21.311
21.955
22.955
23.091
23.767
19.022
20.022
20.25
21.25
21.884
22.146
22.595
23.595
23.14
23.591
20.0
20.447
18.344
19.344
17.9
16.931
16.621
17.621
17.929
18.929
19.929
20.207
21.207
20.385
21.385
19.462
20.462
19.929
20.929
15.625
16.625
17.625
18.625
16.857
17.361
17.865
17.838
18.838
14.828
14.806
15.806
16.806
17.806
18.806
18.0
19.0
17.625
18.0
17.1
17.414
18.414
19.414
19.786
20.148
19.036
20.036
20.31
20.6
21.6
22.069
23.069
24.069
22.03
22.065
23.065
22.333
22.581
17.885
18.885
19.148
20.148
18.217
18.364
18.476
18.55
19.55
20.55
18.684
18.7
17.13
17.318
17.522
17.636
15.769
15.0
14.769
14.88
15.88
16.88
17.192
18.192
18.519
18.04
19.04
17.148
17.385
14.937
15.455
15.971
16.486
14.839
15.839
15.353
15.697
16.031
15.633
13.861
14.2
13.3
14.3
14.927
15.548
16.548
15.354
16.354
16.562
16.771
16.422
15.68
16.245
16.9
16.152
17.152
16.867
17.478
17.708
18.708
19.319
19.511
20.511
21.062
21.18
20.729
21.286
19.2
19.356
19.955
20.558
20.152
20.702
20.378
21.378
22.378
22.87
20.233
21.233
20.158
20.615
21.184
21.184
22.184
20.406
21.406
19.971
20.455
21.455
19.679
20.679
21.074
22.074
23.074
23.538
24.0
23.87
24.87
25.87
23.2
23.625
23.042
20.04
20.333
19.75
19.182
18.455
19.455
20.455
17.048
17.05
16.409
17.409
16.875
17.0
15.0
16.0
17.0
15.333
16.333
16.3
14.417
15.417
16.417
13.818
14.818
12.889
13.889
13.862
14.862
15.862
12.868
13.868
11.771
11.352
12.352
10.014
9.7
10.403
11.028
10.423
11.11
11.75
12.079
12.256
12.458
11.758
11.592
12.465
12.959
13.406
12.536
12.845
13.496
14.375
14.879
15.516
15.866
16.866
16.539
17.539
18.395
19.25
20.25
19.921
20.438
21.18
22.18
23.0
22.95
23.95
23.764
24.0
24.762
23.23
24.07
23.636
24.08
24.776
25.631
25.713
26.169
25.988
26.263
25.446
25.483
26.288
27.288
27.089
25.116
24.605
24.543
25.543
25.065
26.065
24.962
25.962
24.333
25.333
23.409
23.348
24.348
21.55
14.652
15.652
15.958
16.043
17.043
18.043
19.043
20.043
20.273
21.273
21.304
19.0
19.0
20.0
19.895
17.687
18.687
17.071
18.071
19.071
20.071
14.75
15.75
14.85
15.85
16.85
15.0
15.833
16.833
16.455
17.455
17.652
18.652
16.741
17.741
18.0
19.0
19.28
13.286
13.636
13.524
13.864
14.864
15.864
14.269
12.03
12.647
13.257
13.559
12.073
12.182
9.541
10.541
11.1
11.524
12.524
13.312
14.312
15.312
14.069
15.069
15.684
16.684
17.684
15.217
16.217
17.217
18.217
18.302
19.0
18.788
18.613
19.302
19.984
20.984
21.646
22.159
22.203
22.846
23.625
23.176
24.176
23.431
22.295
23.05
23.814
24.814
23.442
23.612
18.121
18.559
19.559
18.871
19.871
19.645
20.645
21.645
21.937
22.937
23.937
24.937
25.937
23.84
24.84
23.926
24.926
24.417
25.417
24.1
25.1
25.474
24.474
25.474
25.833
26.833
26.562
27.0
28.0
25.0
21.273
18.778
17.5
18.5
19.5
20.5
19.143
20.143
21.143
9.75
9.923
10.923
11.923
10.833
7.889
7.667
8.273
9.273
9.417
9.259
10.259
9.806
8.816
8.25
9.0
10.0
11.0
11.1
12.1
10.694
11.146
9.717
10.062
11.062
11.877
12.877
13.877
14.877
14.937
15.455
15.739
16.739
16.105
15.854
16.854
16.828
17.828
16.988
17.744
18.518
18.621
18.967
18.446
18.756
19.531
20.036
20.366
20.734
21.198
21.377
19.689
20.413
21.189
21.893
21.759
22.158
22.857
21.985
22.652
20.321
20.377
21.377
22.077
23.077
21.965
22.965
22.133
21.867
22.07
23.07
22.12
20.622
21.622
20.7
21.7
21.895
22.895
23.514
22.879
22.467
23.467
24.0
25.0
25.111
25.654
26.654
24.731
24.778
23.652
22.042
21.773
21.045
20.45
19.5
19.667
20.667
17.375
18.375
18.6
19.6
20.6
21.6
16.304
17.304
14.158
12.471
13.471
14.471
15.471
15.125
14.333
15.333
16.333
17.333
18.333
19.333
20.333
21.333
21.158
22.158
22.0
20.909
20.957
21.957
21.524
20.714
21.714
20.05
21.05
21.211
17.583
16.818
17.043
18.043
15.053
16.053
15.889
16.0
17.0
17.1
14.588
15.588
12.818
13.818
14.818
15.818
16.818
14.0
13.231
14.231
15.231
16.231
17.231
18.231
19.231
20.231
19.769
18.621
18.964
13.417
13.743
13.579
14.579
14.579
15.579
16.0
17.0
18.0
16.031
17.031
16.844
17.844
18.844
19.242
20.242
20.719
21.719
18.132
19.132
18.659
16.649
17.649
18.649
19.649
20.649
18.484
18.875
17.667
18.667
18.632
19.632
20.632
21.632
22.632
23.243
22.636
23.636
19.625
18.333
17.0
18.0
18.174
19.174
20.174
21.174
21.25
21.864
22.864
21.174
21.81
22.81
22.727
23.727
24.727
25.727
22.5
23.5
21.385
21.083
22.083
23.083
24.083
25.083
26.083
27.083
23.125
24.125
23.286
24.286
25.286
26.286
23.875
24.875
25.875
26.875
27.875
23.4
24.4
25.4
26.4
27.4
28.4
29.4
28.5
29.5
30.5
25.0
26.0
27.0
18.0
19.0
10.0
11.0
12.0
13.0
14.0
15.0
16.0
11.333
12.333
13.333
14.333
15.333
12.25
13.25
14.25
15.25
16.25
17.25
11.667
12.667
10.25
11.25
12.25
13.25
14.25
15.25
16.25
17.25
18.25
19.25
20.25
21.25
22.25
23.25
24.25
25.25
26.25
27.25
25.0
26.0
27.0
28.0
29.0
30.0
31.0
29.0
30.0
31.0
32.0
33.0
30.0
31.0
32.0
33.0
34.0
35.0
36.0
37.0
0.0
0.0
0.0
0.0
0.0
0.0
0.0
0.0
0.0
0.0
0.0
0.0
0.0
0.0
0.0
0.0
0.0
0.0
0.0
0.0
0.0
0.0
0.0
0.0
0.0
0.0
0.0
0.0
0.0
0.0
0.0
0.0
0.0
0.0
0.0
0.0
0.0
0.0
0.0
0.0
0.0
0.0
0.0
0.0
0.0
0.0
0.0
0.0
0.0
0.0
0.0
0.0
0.0
0.0
0.0
0.0
0.0
0.0
0.0
0.0
0.0
0.0
0.0
0.0
0.0
0.0
0.0
0.0
0.0
0.0
0.0
0.0
0.0
0.0
0.0
0.0
0.0
0.0
0.0
0.0
0.0
0.0
0.0
0.0
0.0
0.0
0.0
1.0
2.0
3.0
4.0
5.0
6.0
7.0
8.0
9.0
10.0
11.0
12.0
13.0
14.0
15.0
16.0
17.0
18.0
19.0
20.0
21.0
22.0
23.0
24.0
25.0
26.0
13.5
14.5
15.5
16.5
17.5
18.5
19.5
13.667
11.0
9.6
10.6
4.0
2.5
3.5
4.5
4.583
5.583
6.583
6.5
7.5
8.5
9.5
9.187
10.187
11.187
12.187
13.187
14.187
15.187
16.187
16.176
17.176
18.176
19.176
20.176
21.176
22.176
23.176
23.312
24.312
25.312
26.312
27.312
28.312
29.312
29.8
30.286
30.769
31.769
32.333
30.0
31.0
32.0
31.0
32.0
33.0
31.333
32.333
33.333
34.333
30.0
31.0
32.0
33.0
34.0
35.0
36.0
37.0
0.0
0.0
0.0
1.0
0.4
1.4
2.4
3.4
4.4
5.4
6.4
7.4
8.4
7.833
8.833
9.833
10.833
11.833
12.833
13.833
14.833
15.833
16.833
15.286
16.286
12.1
13.2
14.2
15.2
16.2
15.636
16.636
17.636
17.083
18.083
19.083
20.083
19.462
20.462
21.462
21.167
20.727
13.889
14.889
15.889
16.889
16.1
15.545
16.545
17.545
18.545
16.091
17.091
18.091
19.091
20.091
21.091
22.091
23.091
24.091
25.091
24.9
25.9
22.143
23.143
24.143
25.143
26.143
25.333
26.333
27.333
26.4
27.4
28.4
29.4
28.5
29.5
20.333
21.333
22.333
20.4
21.4
18.667
19.667
17.2
13.25
14.25
15.25
16.25
10.333
11.333
9.25
10.25
11.25
9.8
10.8
8.429
9.429
10.429
11.429
12.429
13.429
12.625
13.625
14.625
15.625
16.625
17.625
18.625
19.625
20.625
19.222
16.545
17.545
18.545
13.9
12.417
12.385
13.385
13.357
10.187
11.187
12.187
13.187
14.187
15.187
16.187
17.187
18.187
16.812
17.812
18.812
18.6
19.6
17.923
18.923
19.923
20.923
21.923
22.923
22.75
23.75
24.75
25.75
26.75
27.75
24.643
23.933
24.933
23.4
22.308
23.308
24.308
24.25
22.7
22.111
23.111
22.375
14.6
15.6
16.6
17.6
18.6
19.6
17.167
18.167
19.167
16.6
17.6
18.6
19.6
20.6
21.6
22.6
23.6
20.5
18.429
19.429
20.429
18.75
14.364
15.364
16.364
17.364
12.6
10.889
11.889
8.667
9.667
10.667
10.5
11.5
12.5
13.5
14.5
15.5
16.5
17.5
16.818
17.818
18.818
19.818
19.1
16.545
17.667
18.667
18.154
16.6
17.444
17.474
18.474
19.474
20.474
20.556
18.421
19.421
20.421
20.5
18.2
16.941
17.941
18.941
19.941
18.706
15.235
14.0
15.0
15.111
14.824
15.824
16.824
16.833
17.833
18.833
19.833
20.833
20.882
21.882
21.611
22.611
22.765
21.867
22.867
22.375
22.4
21.154
22.154
18.786
18.467
19.467
20.467
21.467
20.077
21.077
20.5
21.5
18.529
17.067
18.067
19.067
20.067
19.857
15.429
14.769
15.769
15.0
16.0
17.0
18.0
17.273
15.462
16.462
17.462
17.143
18.143
19.143
18.769
18.357
18.067
19.067
20.067
19.857
20.857
21.857
22.857
21.5
21.091
20.25
21.25
22.25
19.929
20.929
19.417
18.846
16.545
16.083
15.769
15.571
16.571
17.571
15.333
16.333
17.333
18.333
17.846
18.846
19.846
19.357
17.417
17.0
18.0
17.417
18.417
19.417
20.417
19.909
17.455
18.455
19.455
18.75
18.231
17.857
17.6
18.6
18.375
18.133
16.882
17.882
16.333
17.333
18.333
18.0
17.733
16.2
15.714
15.077
16.077
17.077
18.077
16.533
17.533
18.533
18.214
16.812
16.765
16.5
15.556
15.294
16.294
15.474
15.65
15.136
16.136
17.136
16.409
15.958
15.654
15.8
15.917
16.0
16.045
15.625
15.083
14.296
13.48
14.48
15.48
15.259
15.679
16.679
16.926
17.154
17.481
18.481
16.437
17.437
18.437
18.2
19.2
20.2
21.2
21.071
20.0
21.0
20.815
21.036
22.036
21.074
21.462
21.167
21.28
21.423
21.8
21.478
21.0
22.0
23.0
24.0
25.0
24.0
25.0
23.6
24.6
25.6
24.937
24.214
24.231
25.231
24.857
25.857
25.167
21.75
20.571
21.571
22.571
23.571
21.5
22.5
23.5
24.5
23.714
24.714
22.5
21.429
22.429
14.0
14.3
14.727
13.5
10.7
11.7
12.7
13.7
14.7
15.7
16.7
12.643
13.643
13.667
12.2
13.2
14.2
13.571
14.571
15.571
15.467
16.467
17.467
18.467
19.467
20.467
20.312
21.312
21.0
19.765
20.765
18.437
18.824
19.824
20.824
20.812
21.812
22.812
20.538
21.538
17.235
18.235
18.062
17.941
18.941
17.842
18.842
19.842
20.842
16.437
17.437
15.643
16.643
16.467
17.467
18.467
19.467
20.467
20.286
19.867
20.867
19.385
20.385
21.385
20.786
21.786
21.615
21.333
20.909
20.083
21.083
22.083
23.083
24.083
25.083
26.083
27.083
28.083
24.625
25.625
26.625
26.143
27.143
24.2
25.2
26.2
27.2
25.75
26.75
15.857
16.857
14.5
15.5
16.5
17.5
18.5
19.5
14.167
15.167
16.167
17.167
15.571
13.0
14.0
15.0
16.0
17.0
11.667
10.857
11.857
12.857
13.857
14.857
12.333
10.0
10.154
11.154
12.154
13.154
14.154
10.944
11.944
11.65
12.65
13.0
14.0
15.0
12.333
13.389
14.389
15.389
16.389
16.474
15.81
16.81
16.8
16.952
17.952
18.952
19.05
19.095
20.095
21.095
22.095
23.095
23.4
23.684
24.684
25.684
26.684
27.684
27.588
25.692
26.692
27.692
28.692
29.692
30.692
27.75
28.75
27.0
28.0
27.2
28.2
29.2
30.2
31.2
32.2
33.2
34.2
34.5
33.0
34.0
35.0
34.0
35.0
36.0
37.0
0.0
0.0
0.0
0.0
0.0
0.0
0.0
0.0
0.0
0.0
0.0
0.0
0.0
1.0
1.0
2.0
3.0
4.0
5.0
6.0
7.0
8.0
9.0
10.0
11.0
12.0
13.0
14.0
15.0
16.0
17.0
18.0
19.0
20.0
21.0
22.0
23.0
24.0
25.0
26.0
27.0
28.0
29.0
20.0
21.0
22.0
23.0
24.0
25.0
26.0
21.5
22.5
9.0
10.0
11.0
12.0
13.0
14.0
15.0
16.0
17.0
18.0
19.0
20.0
10.5
11.5
12.5
14.0
15.0
16.0
17.0
18.0
19.0
20.0
21.0
17.667
18.667
19.667
20.667
21.667
15.0
16.0
11.333
9.25
10.25
11.25
9.8
10.8
9.833
10.833
11.833
12.833
13.833
14.833
15.833
16.833
17.833
18.833
19.833
20.833
21.833
17.125
15.286
16.286
13.833
14.833
13.571
14.571
15.571
16.571
17.571
18.571
19.571
20.571
21.571
22.571
23.571
24.571
25.571
26.571
25.833
24.6
25.6
26.6
25.0
20.8
17.75
18.75
19.75
16.6
14.667
15.667
12.5
12.111
13.111
14.111
15.111
16.111
15.4
9.778
10.778
11.778
12.778
13.778
11.875
12.875
13.875
14.875
15.875
13.5
13.182
14.182
15.182
16.182
17.182
18.182
16.231
17.231
15.8
16.8
17.8
18.8
19.8
19.571
20.571
21.571
22.571
22.462
22.25
23.25
19.667
20.667
21.667
22.667
23.667
24.667
24.125
23.286
24.286
25.286
26.286
27.286
28.286
29.286
30.286
31.286
32.286
22.429
21.0
22.0
23.0
19.25
20.25
21.25
6.0
7.0
8.0
9.0
10.0
11.0
12.0
13.0
14.0
15.0
16.0
17.0
18.0
19.0
20.0
21.0
22.0
23.0
24.0
25.0
26.0
27.0
28.0
29.0
30.0
31.0
32.0
33.0
28.333
29.333
18.0
12.667
13.667
14.667
15.667
12.75
11.0
12.0
6.75
7.75
8.75
9.75
10.75
11.75
12.75
13.75
14.75
15.75
16.75
17.75
18.75
19.75
13.833
14.833
15.833
16.833
17.833
18.833
17.0
18.0
14.778
15.778
16.778
17.778
18.778
17.5
15.714
16.714
15.5
16.5
15.556
16.556
15.0
16.0
14.0
13.125
12.556
13.556
13.1
12.818
13.818
14.818
14.5
15.5
16.5
16.154
17.154
16.857
16.667
17.667
15.692
16.692
16.429
17.429
17.2
18.2
17.857
18.857
16.833
17.833
18.833
19.833
19.231
20.231
21.231
22.231
22.0
21.231
20.917
21.917
22.917
23.917
24.917
24.818
22.364
23.364
23.0
22.444
23.444
24.444
23.875
22.111
23.111
19.889
20.889
19.875
18.429
19.429
20.429
21.429
19.833
20.833
18.6
19.6
20.6
21.6
18.833
19.833
20.833
13.1
11.444
12.444
13.444
13.0
14.0
12.444
12.1
13.1
14.1
13.727
13.5
14.5
13.455
14.455
15.455
15.083
16.083
17.083
16.692
16.0
17.0
16.182
14.538
15.538
14.333
15.333
16.333
17.333
18.333
19.333
19.062
20.062
19.824
20.824
20.812
17.45
18.45
13.941
13.368
14.368
15.368
15.167
16.167
15.45
15.316
16.316
17.316
15.5
15.368
16.368
17.368
18.368
19.368
19.389
20.389
20.263
20.333
21.333
22.333
23.333
22.625
23.625
22.714
23.714
23.067
24.067
23.5
24.5
24.667
25.667
24.133
25.133
26.133
23.182
23.0
22.444
21.625
11.812
9.762
9.826
10.826
8.909
9.909
10.909
11.909
10.4
9.5
9.692
10.692
10.857
11.857
12.414
13.414
13.103
14.103
15.103
16.103
17.103
18.103
19.103
20.103
21.103
21.536
22.536
23.0
24.0
25.0
23.4
23.931
24.1
25.1
26.1
26.226
26.867
25.333
24.75
21.4
20.667
21.667
21.765
22.765
23.765
23.389
24.389
20.333
18.769
19.769
17.636
18.636
17.8
18.8
16.0
17.0
18.0
19.0
20.0
17.5
18.5
19.5
20.5
19.846
20.846
20.286
21.286
19.5
16.462
17.462
16.833
17.833
18.833
18.182
19.182
20.182
19.5
18.556
19.556
18.5
19.5
18.636
19.636
18.9
19.9
19.0
20.0
21.0
22.0
23.0
24.0
22.5
21.889
22.889
23.889
24.889
17.923
15.455
16.455
17.455
18.455
14.667
15.667
14.727
15.727
12.0
13.0
12.6
12.364
13.364
14.364
14.083
15.083
14.846
15.846
12.167
13.167
12.765
13.765
12.529
10.455
11.455
11.913
12.913
13.913
14.913
15.913
16.208
17.208
17.348
18.348
19.348
20.348
21.348
18.1
18.19
19.19
20.19
21.19
20.526
21.526
22.526
23.526
24.526
25.526
25.889
26.235
27.235
28.235
28.687
29.687
30.2
31.2
29.3
30.3
31.3
32.3
32.778
28.5
23.6
21.25
22.25
23.25
24.25
25.25
22.333
23.333
24.333
25.333
26.333
27.333
28.333
25.0
14.0
15.0
16.0
5.667
6.667
4.6
5.6
6.6
7.6
8.6
9.6
10.6
11.6
12.6
13.6
12.167
13.167
14.167
15.167
16.167
17.167
18.167
12.778
13.778
11.875
12.875
13.875
14.875
15.875
16.875
17.875
16.778
16.0
17.0
18.0
15.833
15.538
15.357
15.267
16.267
17.267
15.231
16.231
13.455
14.455
11.333
11.562
12.562
13.562
14.562
15.562
13.25
14.25
14.053
15.053
16.053
17.053
16.381
15.87
16.167
14.19
15.19
15.455
16.5
17.5
16.958
17.958
17.5
18.5
18.76
19.0
19.364
19.478
18.81
18.9
19.9
20.0
21.0
22.0
23.0
24.0
25.0
26.0
23.071
24.071
23.4
24.4
25.4
26.4
24.75
25.75
26.75
27.75
28.75
29.0
29.2
28.25
28.0
29.0
30.0
29.833
30.833
31.833
30.25
31.25
26.5
27.5
28.5
29.5
20.333
13.0
14.0
15.0
16.0
17.0
18.0
19.0
20.0
21.0
22.0
23.0
16.0
17.0
8.0
9.0
10.0
11.0
12.0
13.0
14.0
15.0
16.0
17.0
18.0
19.0
20.0
21.0
22.0
23.0
24.0
16.667
17.667
18.667
19.667
20.667
21.667
22.667
11.0
12.0
13.0
14.0
15.0
16.0
17.0
13.5
9.667
10.667
11.667
10.857
5.0
6.0
7.0
8.0
9.0
9.0
9.091
10.091
11.091
12.091
13.091
9.687
10.687
11.687
12.687
13.687
14.687
15.687
16.687
16.333
17.333
17.187
18.187
14.619
15.619
16.619
16.6
17.6
18.6
19.6
20.6
20.571
21.571
19.818
19.1
20.1
21.1
21.263
19.312
18.5
17.55
17.667
18.667
18.75
18.789
19.789
20.789
21.789
22.789
18.714
16.235
16.278
16.368
17.368
18.368
17.524
18.524
19.524
20.524
20.7
21.7
17.6
18.6
19.6
20.6
21.6
22.6
23.6
24.6
23.167
24.167
22.6
23.6
24.6
25.6
26.6
27.6
28.6
27.5
23.75
24.75
25.75
26.75
27.75
25.556
26.556
27.556
28.556
25.333
24.0
21.75
22.75
23.75
11.5
12.5
13.5
14.5
15.5
16.5
17.5
18.5
19.5
20.5
21.5
22.5
23.5
24.5
25.5
26.5
3.056
4.056
5.056
5.737
6.4
7.4
8.4
9.4
8.947
9.947
9.905
10.905
11.905
11.095
12.095
13.095
14.095
15.095
16.095
17.095
18.095
19.095
20.095
21.095
22.095
23.095
24.095
25.095
26.095
27.095
28.095
29.095
30.095
31.095
32.095
33.095
34.095
35.095
30.0
31.0
32.0
31.75
31.0
32.0
33.0
34.0
35.0
36.0
35.0
36.0
37.0
0.0
0.0
0.0
0.0
1.0
2.0
3.0
4.0
5.0
6.0
7.0
8.0
4.5
5.5
6.5
7.5
8.5
9.5
10.5
11.5
12.5
13.5
14.5
15.5
11.0
12.0
13.0
14.0
15.0
16.0
17.0
18.0
19.0
15.0
13.0
14.0
15.0
16.0
17.0
18.0
19.0
17.429
16.125
12.455
13.455
14.455
15.455
15.083
14.846
15.846
15.083
16.083
15.182
14.833
15.833
14.909
14.583
15.583
16.583
17.583
18.583
19.583
17.417
18.417
19.417
20.417
21.417
22.417
23.417
24.417
24.273
22.444
23.444
24.444
25.444
26.444
27.444
28.444
29.444
30.444
27.222
23.333
24.333
25.333
26.333
25.2
23.25
24.25
25.25
26.25
27.25
25.0
26.0
27.0
23.0
24.0
25.0
26.0
27.0
14.0
7.333
8.333
9.333
10.333
11.333
12.333
13.333
14.333
15.333
12.25
13.25
14.25
15.25
16.25
17.25
18.25
19.25
20.25
15.667
16.667
13.25
14.25
12.2
13.2
14.2
15.2
11.571
11.125
10.778
11.778
12.778
13.778
14.778
14.2
15.2
13.5
14.5
11.0
8.571
9.571
10.571
11.571
12.571
12.667
13.667
14.667
15.667
15.143
16.143
17.143
18.143
19.143
20.143
21.143
22.143
23.143
24.143
25.143
25.231
26.231
26.333
27.333
27.636
27.8
27.778
28.778
28.75
29.75
30.75
31.75
32.75
33.143
34.143
34.0
35.0
36.0
33.0
34.0
35.0
36.0
37.0
0.0
0.0
0.0
0.0
0.0
0.0
0.0
0.0
1.0
2.0
1.5
2.5
3.5
4.5
5.5
6.5
7.5
8.5
9.5
10.5
7.667
8.667
9.667
10.667
11.667
5.429
6.429
7.429
8.429
9.429
9.125
10.125
11.125
12.125
13.125
12.556
12.2
13.2
14.2
15.2
16.2
17.2
16.545
17.545
18.545
17.7
18.7
17.909
14.167
14.0
15.0
16.0
12.278
13.278
14.278
14.474
15.474
16.474
16.333
16.3
17.3
18.3
19.3
15.875
16.875
17.875
17.765
18.765
18.625
19.625
20.625
20.353
21.353
21.375
21.333
22.125
20.556
21.556
22.556
23.556
23.765
24.765
25.765
26.765
27.765
28.187
27.929
28.231
29.231
30.231
23.333
24.333
25.333
24.0
17.4
18.4
19.4
20.4
21.4
22.4
19.5
20.5
21.5
22.5
20.6
21.6
22.6
23.6
24.6
22.5
23.5
19.6
20.6
17.75
12.333
10.0
7.333
7.143
8.143
9.143
10.143
11.143
10.625
11.625
12.625
13.625
14.625
15.625
16.625
17.625
18.625
19.625
14.111
15.111
16.111
17.111
18.111
19.111
17.875
18.875
19.875
20.875
21.875
22.875
15.917
16.917
17.917
18.917
19.917
19.364
18.667
19.667
20.667
20.182
17.444
16.0
13.6
14.6
15.6
16.6
13.8
12.333
13.333
14.333
15.333
16.333
16.0
17.0
16.714
17.714
15.5
16.5
17.5
18.5
19.5
20.5
21.5
22.5
23.5
24.5
25.5
26.5
22.25
20.667
21.667
22.667
23.667
24.667
24.125
20.1
21.1
22.1
23.1
20.083
17.7
17.0
18.0
19.0
18.2
14.5
15.5
16.5
17.5
18.5
16.857
17.857
15.667
16.667
15.143
14.125
15.125
16.125
17.125
18.125
19.125
20.125
21.125
22.125
23.125
24.125
25.125
24.429
12.714
13.714
10.842
11.842
12.842
11.0
12.0
12.278
13.278
11.312
10.944
10.412
11.412
12.412
13.412
14.412
15.412
16.412
17.412
15.65
16.65
17.65
17.762
18.762
17.952
15.652
16.652
17.652
18.652
18.833
19.833
20.833
21.833
21.92
22.038
21.393
22.393
22.586
19.0
20.0
16.0
17.0
18.0
19.0
18.889
18.824
19.824
20.824
18.437
19.437
20.437
21.437
21.118
22.118
23.118
24.118
25.118
23.571
20.235
21.235
21.25
22.25
22.267
16.786
17.786
18.786
19.786
18.071
17.8
17.571
18.571
19.571
19.231
17.0
15.231
14.417
15.417
15.154
16.154
14.867
14.875
15.875
15.467
16.467
17.467
18.467
18.143
16.75
16.706
17.706
17.5
18.5
19.5
19.294
18.158
18.2
15.882
16.882
13.217
14.217
15.217
14.143
15.143
16.143
17.143
16.333
15.524
16.524
16.0
17.0
18.0
19.0
18.286
19.286
20.286
20.45
20.409
18.81
18.9
19.9
20.9
21.9
19.083
20.083
21.083
20.636
20.045
21.045
22.045
23.045
24.045
24.429
24.105
21.95
19.136
20.136
14.812
15.812
16.812
17.812
18.812
19.812
18.5
18.412
18.25
19.25
17.714
16.375
17.375
18.375
18.235
19.235
20.235
21.235
21.25
21.2
21.312
22.312
23.312
24.312
21.083
20.636
19.833
20.833
21.833
22.833
23.833
19.867
20.867
21.867
22.867
21.692
18.1
19.1
20.1
21.1
22.1
23.1
24.1
25.1
23.125
24.125
22.333
23.333
18.25
15.5
12.7
13.7
12.111
13.111
14.111
15.111
16.111
17.111
18.111
19.111
18.1
19.1
18.273
19.273
18.5
13.929
14.929
15.929
16.929
12.455
13.455
14.455
15.455
16.455
17.455
16.917
17.917
18.917
19.917
20.917
21.917
18.333
19.333
20.333
20.143
21.143
16.333
16.0
15.25
15.0
14.857
14.8
15.8
16.8
17.8
18.8
18.562
19.562
19.4
20.4
20.214
21.214
22.214
17.3
18.3
19.3
20.3
19.364
20.364
14.687
15.687
15.706
16.706
16.437
15.5
16.5
17.5
18.5
19.5
17.0
16.875
17.875
14.381
15.381
15.3
15.158
16.158
16.0
15.765
15.437
16.437
17.437
15.526
15.7
15.579
16.579
17.579
18.579
18.6
19.6
20.6
21.6
22.6
23.6
23.429
23.75
24.75
21.667
22.667
22.643
23.643
24.643
23.583
24.583
25.583
26.583
27.583
28.583
28.818
23.429
16.889
16.1
17.1
18.1
19.1
20.1
21.1
22.1
23.1
24.1
19.571
17.667
16.0
17.0
18.0
12.091
10.6
11.6
12.6
13.6
14.6
15.6
14.222
15.222
14.6
12.0
13.0
14.0
15.0
16.0
13.0
14.0
12.75
13.095
13.455
14.455
15.455
13.053
14.053
13.778
14.0
15.0
16.0
17.0
16.286
17.286
16.696
17.696
18.696
19.696
19.043
20.043
17.926
15.609
14.148
15.148
16.148
16.536
17.536
18.536
19.536
20.536
20.926
19.917
20.917
21.917
22.917
23.917
22.3
23.3
21.882
21.937
21.933
22.933
23.933
24.933
25.933
26.933
27.214
28.214
29.214
30.214
30.083
31.083
30.9
31.9
32.9
33.9
34.556
35.556
35.4
36.4
0.0
0.0
0.0
0.0
0.0
0.0
0.0
0.0
0.0
0.0
0.0
0.0
0.0
0.0
0.0
0.0
0.0
0.0
0.0
0.0
0.0
0.0
0.0
0.0
0.0
0.0
0.0
0.0
0.0
0.0
0.0
0.0
0.0
0.0
0.0
0.0
0.0
0.0
0.0
0.0
0.0
0.0
0.0
0.0
0.0
0.0
0.0
0.0
0.0
0.0
0.0
0.0
0.0
0.0
0.0
0.0
0.0
0.0
0.0
0.0
0.0
0.0
0.0
0.0
0.0
0.0
0.0
0.0
0.0
0.0
0.0
0.0
0.0
0.0
11.75
12.75
13.75
11.8
12.8
13.8
14.8
15.8
16.8
17.8
18.8
19.8
20.8
21.8
22.8
23.8
21.5
17.333
13.75
14.75
15.75
16.75
17.75
15.0
16.0
17.0
18.0
19.0
20.0
17.5
18.5
19.5
20.5
12.9
13.9
14.9
10.375
11.375
12.375
13.375
14.375
12.143
13.143
14.143
15.143
14.125
15.125
14.333
13.8
14.8
15.8
16.8
17.8
18.8
19.8
14.857
14.154
15.154
16.154
17.154
18.154
16.231
17.231
18.231
19.231
20.231
21.231
20.917
21.917
22.917
23.917
18.375
17.222
18.222
19.222
18.2
17.455
18.455
19.455
20.455
21.455
22.455
23.455
21.0
22.0
21.5
20.778
21.778
22.778
23.778
24.778
25.778
26.778
19.6
20.6
21.6
22.6
19.667
17.714
15.5
16.5
17.5
18.5
19.5
20.5
21.5
22.5
23.5
24.5
25.5
24.2
25.2
26.2
24.5
21.333
22.333
23.333
24.333
19.0
20.0
21.0
16.667
17.667
18.667
14.75
15.75
13.4
14.4
15.4
16.4
17.4
18.4
19.4
20.4
21.4
14.8
10.25
9.0
10.0
11.0
12.0
13.0
14.0
15.0
16.0
14.167
13.0
14.0
11.667
12.667
13.667
14.667
15.667
16.667
17.667
18.667
17.375
18.375
19.375
20.375
21.375
22.375
21.286
22.286
20.833
21.833
22.833
23.833
24.833
25.833
26.833
27.833
28.833
28.2
24.333
22.8
23.8
24.8
21.5
22.5
23.5
22.2
23.2
15.125
11.5
12.5
5.333
6.333
7.333
8.333
7.0
8.0
9.0
10.0
11.0
9.6
9.727
10.727
11.727
12.727
13.727
14.727
15.727
16.727
17.727
18.727
19.727
20.727
21.727
22.727
23.727
23.4
20.333
21.333
22.333
23.333
23.091
24.091
25.091
23.917
24.917
21.889
18.667
19.667
18.6
19.6
18.727
19.727
16.889
16.1
15.545
16.545
17.545
11.25
12.25
13.25
12.667
13.667
14.667
15.667
16.667
17.667
16.9
16.273
17.273
16.75
17.75
18.75
19.75
20.75
18.5
19.5
20.5
21.5
20.455
21.455
22.455
22.0
23.0
24.0
23.556
24.556
24.0
25.0
24.286
22.125
23.125
22.143
20.667
21.667
22.667
23.667
24.667
25.667
24.4
25.4
26.4
15.222
16.222
14.625
15.625
13.571
14.571
11.833
12.833
13.833
14.833
15.833
16.833
17.833
18.833
19.833
17.4
18.4
19.4
20.4
21.4
22.4
14.625
15.625
16.625
17.625
18.625
17.0
18.0
19.0
20.0
21.0
19.25
20.25
21.25
22.25
23.25
24.25
25.25
14.5
15.5
16.5
17.5
18.5
19.5
20.5
21.5
22.5
23.5
24.5
25.5
26.5
27.5
28.5
29.5
30.5
31.5
32.5
33.5
34.5
28.0
29.0
30.0
31.0
32.0
33.0
34.0
35.0
36.0
37.0
0.0
0.0
0.0
0.0
0.0
0.0
0.0
0.0
0.0
0.0
1.0
2.0
3.0
4.0
5.0
6.0
7.0
8.0
9.0
10.0
11.0
12.0
13.0
14.0
15.0
16.0
17.0
18.0
19.0
20.0
21.0
22.0
23.0
24.0
25.0
26.0
27.0
28.0
29.0
30.0
31.0
32.0
33.0
34.0
35.0
36.0
37.0
0.0
0.0
0.0
0.0
0.0
0.0
0.0
0.0
0.0
0.0
0.0
0.0
0.0
0.0
0.0
0.0
0.0
0.0
12.0
13.714
14.783
15.783
16.783
17.783
18.783
19.783
17.704
18.704
19.704
20.704
21.704
20.433
19.485
20.485
19.833
20.241
20.0
16.676
15.816
16.816
16.694
17.694
16.711
16.583
17.583
17.441
17.914
11.933
12.125
13.125
13.912
14.912
15.028
16.028
17.028
17.457
17.882
18.882
19.882
20.882
21.882
21.027
22.027
19.814
19.051
19.55
20.55
21.179
22.179
22.378
22.088
22.429
22.343
22.081
23.081
19.531
17.414
16.182
15.75
16.75
15.909
16.909
17.909
17.758
18.156
17.207
15.586
16.586
17.586
18.586
17.571
18.571
15.222
15.784
16.784
17.784
18.784
19.784
20.784
20.353
19.105
16.75
17.212
17.594
18.594
17.914
18.914
17.872
17.951
18.475
19.0
19.027
18.073
18.103
18.605
17.441
16.548
17.548
18.548
19.548
19.906
15.024
16.024
16.25
15.884
16.133
17.133
17.362
17.553
18.167
15.4
15.846
16.024
16.619
17.209
18.209
19.209
18.891
17.744
18.744
17.63
18.63
18.812
18.6
19.6
18.452
18.525
19.525
20.024
21.024
19.763
20.763
21.763
18.404
19.404
19.18
20.18
21.18
21.42
17.146
17.302
17.341
17.415
17.41
17.95
17.947
18.432
18.917
19.917
20.917
20.371
20.882
21.394
22.394
23.394
21.594
21.406
21.727
20.621
21.621
20.714
21.714
17.667
17.611
18.611
19.611
20.114
19.973
20.5
21.5
22.5
18.667
19.667
18.5
18.72
19.72
19.28
17.24
15.2
13.966
14.143
14.133
13.419
13.545
13.333
14.333
15.333
16.333
16.278
16.811
17.811
18.811
19.811
18.263
17.846
18.342
19.342
19.325
19.872
20.35
17.187
17.548
18.548
19.548
20.548
20.414
21.414
22.414
22.633
22.156
23.156
22.086
22.182
22.706
23.706
23.875
24.0
21.357
21.2
19.032
17.37
18.37
15.731
16.731
11.821
12.821
12.22
12.6
13.6
13.273
13.362
12.196
11.543
12.277
13.277
13.222
14.222
14.065
14.745
15.745
15.74
16.74
16.736
16.207
16.271
17.271
17.579
17.554
15.742
14.157
15.157
16.157
16.915
17.189
17.711
18.189
18.932
19.157
19.597
20.315
20.556
20.693
18.274
19.274
19.373
20.373
20.355
20.207
20.291
20.66
21.02
21.7
20.268
21.268
22.268
22.309
23.037
23.6
22.527
23.527
23.75
21.096
21.46
21.596
22.596
23.314
20.476
17.189
17.711
18.231
18.737
18.171
18.03
18.969
18.857
18.784
18.743
19.206
19.088
17.242
17.2
18.2
18.143
19.143
19.061
19.471
20.471
21.471
22.471
23.471
20.71
21.167
22.167
22.214
23.214
23.704
23.64
23.692
24.692
21.727
22.727
22.3
23.3
23.143
23.45
21.737
21.889
20.778
21.778
21.579
21.45
22.45
21.833
20.937
21.937
21.588
21.625
20.429
18.667
18.154
16.0
17.0
16.833
16.462
14.187
15.187
16.187
13.615
14.615
15.615
6.0
7.0
8.0
9.0
9.0
8.619
9.395
9.738
10.738
11.738
12.738
13.738
14.068
14.535
15.535
16.024
16.628
17.143
16.455
17.455
18.455
19.455
20.455
18.875
19.875
20.875
21.532
21.723
22.723
22.3
22.404
23.118
23.25
24.25
25.25
26.25
27.25
28.25
21.2
22.2
21.481
22.481
20.957
19.55
19.632
20.632
21.632
21.5
22.5
23.5
23.0
24.0
22.7
16.929
17.185
18.185
16.833
17.833
18.833
19.833
20.833
16.7
17.7
18.7
17.909
17.182
16.667
14.762
13.421
14.421
15.421
15.6
16.6
17.6
17.714
18.714
19.714
20.714
20.0
21.0
22.0
23.0
24.0
25.0
26.0
26.389
27.389
28.389
28.312
29.312
30.312
19.7
20.7
21.7
22.7
23.7
24.7
25.7
26.7
26.556
27.556
28.556
15.833
9.0
10.0
11.0
10.0
10.154
11.154
10.0
10.154
11.154
10.0
11.0
12.0
13.0
12.0
13.0
14.0
15.0
16.0
15.867
14.882
15.882
16.056
17.056
18.056
19.056
20.056
18.937
19.937
12.885
13.37
14.37
15.37
15.241
16.241
17.241
17.633
18.633
15.96
16.083
17.083
17.36
16.652
15.333
16.333
17.333
17.478
18.478
19.478
20.478
21.478
22.478
22.095
22.045
23.045
23.0
24.0
24.409
21.19
22.19
23.19
24.19
24.045
25.045
26.045
27.045
28.045
21.583
19.417
20.417
21.417
19.3
20.3
21.3
20.556
21.556
22.556
23.556
24.556
24.0
25.0
18.857
19.857
18.25
15.4
16.4
15.818
16.818
17.818
18.818
19.818
19.1
20.1
19.222
16.545
17.545
14.222
15.222
13.273
13.083
11.909
12.909
13.909
14.909
15.909
16.909
15.9
16.9
17.9
18.9
19.9
20.9
21.9
22.9
21.727
22.818
23.818
24.818
25.818
25.7
24.273
24.0
17.4
14.154
13.25
13.154
14.154
11.647
11.944
12.263
13.263
14.263
12.588
13.588
14.588
15.588
12.0
12.133
13.133
13.25
13.867
12.389
13.389
14.389
15.389
16.389
16.474
16.6
17.6
18.6
18.667
19.667
18.857
19.857
20.857
20.864
21.864
20.958
21.958
22.958
22.682
21.421
22.421
18.714
19.714
20.714
20.462
20.083
21.083
22.083
23.083
24.083
25.083
26.083
27.083
21.357
22.357
20.643
20.062
15.929
15.8
16.8
16.687
17.687
17.4
15.867
16.867
17.867
17.5
18.5
18.077
19.077
20.077
19.667
20.667
18.4
19.4
20.4
21.4
22.4
21.273
22.273
23.273
22.25
23.25
24.25
25.25
23.9
24.9
25.9
26.9
27.9
28.9
26.429
24.0
23.143
24.143
23.0
21.2
22.2
19.5
16.4
17.4
13.5
14.5
15.5
16.5
17.5
18.5
13.0
10.5
11.5
12.5
13.5
14.5
15.5
14.667
15.667
14.0
15.0
16.0
14.0
15.0
16.0
14.875
15.875
15.0
16.0
17.0
18.0
19.0
15.0
12.833
13.833
14.833
15.833
12.625
13.625
14.625
14.133
15.133
16.133
17.133
17.0
15.158
16.158
17.158
15.824
14.0
15.0
16.0
17.0
18.0
19.0
18.714
19.714
19.333
20.333
21.333
19.706
19.556
19.474
18.474
19.474
19.5
19.421
19.4
20.4
20.381
18.611
18.529
19.529
20.529
21.529
17.769
17.429
18.429
19.429
19.067
20.067
21.067
20.929
17.545
18.545
19.545
20.545
19.75
20.75
21.75
22.75
21.923
22.923
23.923
24.923
24.917
23.923
23.143
21.833
21.455
20.9
20.111
21.111
22.111
21.25
17.5
18.5
16.857
17.857
14.889
15.889
15.2
16.2
17.2
14.4
15.4
12.615
11.583
12.583
13.583
13.462
14.462
15.462
16.462
16.214
14.5
15.5
16.5
16.333
15.857
16.857
17.857
18.857
19.857
16.933
16.5
17.5
17.267
18.267
19.267
19.0
20.0
21.0
20.933
21.933
20.235
19.0
18.75
19.75
19.6
19.312
19.118
17.882
17.833
15.0
16.0
17.0
18.0
15.437
16.437
17.437
18.437
18.2
15.625
14.778
15.778
15.529
16.529
17.529
16.579
17.579
18.579
17.412
18.412
16.625
17.625
17.529
18.529
14.0
15.0
14.609
15.609
16.609
15.667
16.667
17.667
18.667
19.667
19.8
19.895
19.944
19.941
19.778
20.778
20.632
20.55
19.722
19.632
20.632
21.632
22.632
21.941
20.933
21.933
21.5
22.5
22.471
17.944
17.947
18.947
19.947
20.947
19.947
19.9
20.0
19.95
15.267
16.267
14.077
14.0
15.0
14.0
15.0
15.059
16.059
17.059
18.059
18.0
19.0
20.0
20.0
21.0
21.0
20.933
21.933
21.857
20.0
21.0
19.625
20.625
20.353
21.353
20.118
21.118
22.118
19.929
19.615
18.333
19.333
20.333
20.143
19.846
20.846
20.5
18.429
19.429
17.875
16.5
17.5
15.714
16.714
16.154
17.154
18.154
16.6
16.143
17.143
18.143
19.143
20.143
19.733
20.733
20.375
21.375
20.143
21.143
20.923
21.923
20.182
21.182
20.6
21.6
22.6
23.6
22.364
21.9
22.9
23.9
24.9
25.9
26.9
27.9
21.3
22.3
19.625
15.875
15.0
16.0
17.0
16.2
17.2
18.2
14.5
15.5
16.5
17.5
18.5
19.5
18.0
19.0
17.0
15.429
12.778
13.778
14.778
15.778
16.778
17.778
18.778
19.778
18.7
14.071
12.357
13.357
14.357
15.357
16.357
15.187
16.187
16.176
14.4
15.4
16.4
15.929
15.308
16.308
17.308
16.667
16.308
17.308
18.308
14.765
15.765
16.765
17.765
18.765
19.765
20.765
21.765
21.812
20.643
21.643
21.133
22.133
21.687
22.687
22.294
23.294
22.059
18.462
17.917
18.917
19.917
17.929
18.929
16.917
17.917
17.182
18.182
16.231
17.231
18.231
19.231
20.231
21.231
22.231
22.0
23.0
19.667
13.167
13.077
14.077
15.231
16.231
17.231
18.231
19.231
20.231
18.4
19.4
17.867
17.687
18.687
18.467
19.467
17.056
16.882
17.882
11.889
12.889
12.962
13.0
14.0
13.889
14.889
15.889
16.889
13.318
14.318
15.318
14.958
15.958
15.375
16.375
17.375
18.375
18.6
18.833
19.043
19.208
20.208
21.208
20.5
20.704
20.207
21.207
21.037
22.037
22.462
22.0
22.148
23.148
24.148
23.542
24.542
25.542
18.357
19.357
20.357
21.357
22.357
20.917
21.917
22.917
22.077
21.429
22.429
21.867
20.538
21.538
21.25
16.687
14.895
15.895
15.722
16.722
17.722
16.611
15.85
16.85
15.611
15.353
13.467
14.467
13.647
14.647
15.647
15.312
14.867
15.867
16.867
16.75
17.75
17.647
18.647
17.579
18.579
19.579
20.579
19.524
17.958
18.958
19.174
19.364
20.364
20.571
21.571
22.571
23.571
21.412
19.071
17.562
18.562
19.562
20.562
20.467
18.923
19.923
20.923
20.357
21.357
22.357
16.733
17.733
18.733
19.733
20.733
21.733
22.733
22.714
23.714
23.692
21.4
20.0
21.0
22.0
23.0
21.455
16.625
17.625
18.625
19.625
20.625
21.625
20.111
21.111
19.9
20.9
21.9
17.0
16.3
17.3
15.25
16.25
17.25
18.25
19.25
18.636
19.636
18.9
12.3
13.3
14.3
15.3
16.3
17.3
18.3
19.3
18.455
19.455
16.556
17.556
18.556
17.6
18.6
17.818
18.818
18.167
17.692
18.692
18.286
18.0
17.643
16.312
15.933
16.933
17.933
17.571
17.077
18.077
15.636
14.923
15.923
16.923
17.923
18.923
19.923
19.5
17.583
18.583
19.583
20.583
21.583
22.583
21.769
22.769
22.583
18.867
19.867
14.227
15.227
15.19
15.455
15.429
16.429
15.619
15.55
16.55
16.474
16.333
17.333
14.4
15.4
15.375
15.412
16.412
16.125
15.222
16.222
15.5
16.5
17.5
18.5
19.5
16.909
16.458
17.458
18.458
19.458
20.458
21.458
21.56
21.04
22.04
23.04
22.136
23.136
17.667
17.765
18.765
18.625
19.625
20.625
20.533
21.533
21.125
19.667
20.667
18.571
18.682
19.682
19.857
20.0
20.0
21.0
18.381
19.381
18.526
19.526
20.526
21.526
22.526
19.667
18.0
19.0
18.571
19.571
17.857
17.538
16.917
17.917
18.917
19.917
20.917
21.917
21.154
22.154
21.5
22.5
23.5
24.5
25.5
24.733
24.857
23.833
21.286
18.0
17.1
18.1
17.364
18.364
17.5
18.5
14.875
15.875
15.0
16.0
17.0
18.0
19.0
20.0
21.0
22.0
21.125
16.091
15.0
16.0
17.0
18.0
19.0
20.0
19.091
11.632
10.632
11.632
10.1
11.1
12.1
11.391
11.875
11.783
12.783
13.783
12.571
13.571
14.571
15.571
15.5
16.5
17.5
18.5
19.5
20.5
19.6
19.619
20.619
19.0
20.0
18.0
19.0
20.0
15.474
14.222
15.222
16.222
17.222
18.222
19.222
20.222
20.743
15.233
14.967
15.967
15.103
16.103
16.0
14.75
14.926
15.926
16.926
17.286
18.286
19.286
19.586
20.586
20.867
21.867
22.867
23.867
24.065
25.065
25.667
24.966
25.966
22.062
23.062
21.31
21.857
22.333
15.158
16.158
17.158
18.158
19.158
18.238
19.238
19.35
20.35
18.412
18.25
18.118
16.25
17.25
15.211
16.211
14.217
15.217
16.217
16.273
17.273
18.273
18.381
19.381
19.5
20.5
18.696
19.696
16.846
17.185
16.367
16.1
17.1
13.577
14.037
14.154
15.154
16.154
16.32
17.32
17.615
17.286
18.286
17.846
18.846
19.111
20.111
21.111
22.111
22.538
21.652
20.84
21.167
22.167
20.2
21.2
22.2
23.2
22.0
23.0
24.0
23.913
24.913
25.913
25.25
25.0
23.176
21.941
19.714
18.0
19.0
18.615
18.083
19.083
20.083
21.083
17.667
18.667
18.357
16.25
17.25
16.846
12.889
12.471
11.45
12.45
13.45
13.136
14.136
12.85
13.85
14.85
15.85
15.318
15.609
16.609
15.667
16.667
17.667
16.857
17.857
18.857
18.095
19.095
20.095
20.25
21.25
21.421
22.421
23.421
23.053
24.053
25.053
26.053
25.0
26.0
27.0
28.0
29.0
29.467
26.7
23.083
21.3
22.3
19.417
16.9
17.9
17.182
18.182
19.182
15.857
12.308
11.25
12.25
13.25
14.25
15.25
13.083
12.071
13.071
12.231
13.231
14.231
15.231
16.231
16.0
17.0
18.0
17.538
18.538
19.538
20.538
21.538
22.538
21.857
22.857
23.857
23.2
24.2
23.231
22.5
21.933
20.615
21.615
22.615
22.417
23.417
24.417
21.222
20.25
21.25
22.25
23.25
24.25
22.444
21.625
15.0
16.0
17.0
13.143
12.375
13.375
14.375
15.375
16.375
17.375
18.375
19.375
20.375
21.375
22.375
23.375
22.429
23.429
21.375
20.143
21.143
22.143
20.667
18.4
19.4
20.4
21.0
22.0
23.0
24.0
25.0
26.0
27.0
28.0
29.0
30.0
28.667
29.667
27.0
28.0
29.0
30.0
24.0
25.0
26.0
27.0
28.0
29.0
30.0
31.0
32.0
33.0
34.0
35.0
36.0
0.0
0.0
0.0
0.0
0.0
0.0
0.0
0.0
0.0
0.0
0.0
0.0
0.0
0.0
0.0
0.0
0.0
0.0
0.0
0.0
0.0
0.0
0.0
0.0
0.0
0.0
0.0
0.0
0.0
0.0
0.0
0.0
0.0
0.0
0.0
0.0
0.0
0.0
0.0
0.0
0.0
0.0
0.0
0.0
0.0
0.0
0.0
0.0
0.0
0.0
0.0
0.0
0.0
0.0
0.0
0.0
0.0
0.0
0.0
0.0
0.0
0.0
0.0
0.0
0.0
0.0
0.0
0.0
0.0
0.0
0.0
0.0
0.0
0.0
0.0
0.0
0.0
0.0
0.0
0.0
0.0
0.0
0.0
0.0
0.0
0.0
0.0
0.0
0.0
0.0
0.0
0.0
0.0
0.0
0.0
0.0
0.0
0.0
0.0
0.0
0.0
0.0
0.0
0.0
0.0
0.0
0.0
0.0
0.0
0.0
0.0
0.0
0.0
0.0
0.0
0.0
0.0
0.0
0.0
0.0
0.0
0.0
0.0
0.0
0.0
0.0
0.0
0.0
0.0
0.0
0.0
0.0
0.0
0.0
0.0
0.0
0.0
0.0
0.0
0.0
0.0
0.0
0.0
0.0
0.0
0.0
0.0
0.0
0.0
0.0
0.0
0.0
0.0
0.0
0.0
0.0
0.0
0.0
0.0
0.0
0.0
0.0
0.0
0.0
0.0
0.0
0.0
0.0
0.0
0.0
0.0
0.0
0.0
0.0
0.0
0.0
0.0
0.0
0.0
0.0
0.0
0.0
0.0
0.0
0.0
0.0
0.0
0.0
0.0
0.0
0.0
0.0
0.0
0.0
6.667
7.667
8.667
5.8
6.8
7.8
8.8
9.8
9.0
10.0
11.0
12.0
13.0
9.333
10.333
10.2
11.2
12.2
12.0
13.0
14.0
15.0
16.0
17.0
18.0
17.417
18.417
19.417
20.417
18.1
19.1
20.1
21.1
22.1
23.1
24.1
23.667
24.667
25.667
26.667
27.667
26.0
27.0
28.0
29.0
30.0
29.833
30.833
31.833
28.143
29.143
24.25
25.25
22.333
23.333
24.333
19.0
20.0
21.0
22.0
23.0
24.0
25.0
14.0
15.0
16.0
17.0
18.0
19.0
20.0
21.0
22.0
23.0
24.0
25.0
26.0
27.0
28.0
29.0
30.0
31.0
20.5
21.5
22.5
23.5
24.5
25.5
15.0
16.0
4.25
5.25
6.25
7.25
8.25
9.25
8.2
9.2
10.2
9.333
10.333
11.333
12.333
13.333
14.333
15.333
16.333
17.333
18.333
19.333
20.333
12.857
13.857
13.0
14.0
15.0
16.0
17.0
18.0
19.0
20.0
21.0
22.0
20.444
21.444
22.444
23.444
24.444
14.375
15.375
14.556
14.0
15.0
16.0
14.667
15.667
16.667
15.125
16.125
17.125
18.125
19.125
20.125
21.125
22.125
23.125
24.125
25.125
26.125
23.5
24.5
23.0
20.0
21.0
18.857
19.857
20.857
17.0
18.0
19.0
20.0
18.875
19.875
20.875
21.875
22.875
19.167
17.286
15.0
11.6
12.6
13.6
14.6
15.6
16.6
17.6
18.6
16.333
17.333
18.333
19.333
20.333
21.333
22.333
23.333
24.333
25.333
22.571
23.571
24.571
23.5
24.5
23.0
24.0
25.0
18.0
19.0
20.0
21.0
16.5
17.5
18.5
19.5
20.5
21.5
13.0
14.0
15.0
16.0
17.0
18.0
19.0
20.0
21.0
22.0
18.0
19.0
20.0
21.0
22.0
23.0
24.0
25.0
26.0
27.0
23.0
24.0
25.0
10.4
11.4
10.333
11.333
12.333
13.333
14.333
15.333
16.333
13.2
14.2
15.2
16.2
17.2
18.2
14.5
15.5
16.5
17.5
18.5
19.5
20.5
21.5
22.5
18.8
16.5
15.0
16.0
17.0
18.0
19.0
17.5
18.5
19.5
20.5
21.5
22.5
23.5
16.4
17.4
13.5
14.5
15.5
16.5
10.0
11.0
12.0
13.0
14.0
15.0
16.0
17.0
18.0
19.0
20.0
21.0
19.25
20.25
21.25
22.25
23.25
24.25
23.429
22.167
16.833
17.833
18.833
19.833
20.833
13.286
14.286
15.286
16.286
15.125
16.125
17.125
16.111
17.111
18.111
19.111
20.111
19.0
12.286
13.286
14.286
15.286
16.286
17.286
18.286
19.286
20.286
18.625
17.444
15.091
13.9
14.9
15.9
16.9
17.9
18.9
19.9
20.9
20.111
21.111
22.111
23.111
24.111
21.429
22.429
23.429
21.375
14.1
15.1
16.1
14.778
12.909
13.909
14.909
15.909
14.8
15.8
16.8
17.8
18.8
19.8
20.8
21.8
22.8
23.8
23.333
22.625
18.833
19.833
20.833
21.833
22.833
23.833
24.833
25.833
26.833
27.833
28.833
25.571
26.571
21.444
22.444
23.444
22.0
21.333
12.429
13.429
14.429
15.429
7.8
7.333
8.333
9.333
10.333
11.333
10.571
11.571
12.571
13.571
14.571
15.571
16.571
17.571
18.571
19.571
20.571
21.571
22.571
23.571
24.571
25.571
26.571
27.571
28.571
29.571
30.571
30.5
31.5
29.75
30.75
25.4
23.5
19.6
16.25
17.25
18.25
19.25
20.25
15.667
16.667
17.667
11.2
12.2
7.0
8.0
9.0
10.0
11.0
12.0
13.0
14.0
15.0
16.0
17.0
14.4
15.4
16.4
14.5
15.5
16.5
17.5
15.857
16.857
17.857
18.857
19.857
20.857
21.857
20.333
21.333
19.2
20.2
17.667
18.667
19.667
20.667
21.667
22.667
23.667
18.0
19.0
20.0
21.0
22.0
23.0
19.2
20.2
21.2
22.2
23.2
24.2
25.2
23.25
19.4
20.4
17.25
18.25
19.25
16.2
12.0
13.0
14.0
15.0
12.8
13.8
14.8
15.8
16.8
17.8
18.8
15.25
16.25
17.25
18.25
19.25
20.25
21.25
22.25
23.25
24.25
25.25
21.0
18.333
15.6
16.6
17.6
18.6
19.6
20.6
19.333
20.333
18.0
19.0
16.667
17.667
14.0
11.714
11.125
12.125
13.125
14.125
11.857
12.857
12.125
13.125
14.125
15.125
16.125
17.125
18.125
19.125
20.125
21.125
22.125
23.125
24.125
25.125
26.125
27.125
24.833
23.4
24.4
25.4
26.4
27.4
28.4
29.4
30.4
31.4
32.4
33.4
33.5
34.5
33.0
34.0
32.0
33.0
34.0
35.0
36.0
37.0
0.0
1.0
2.0
3.0
4.0
5.0
6.0
7.0
8.0
9.0
10.0
11.0
12.0
13.0
14.0
7.5
8.5
9.5
10.5
11.5
12.5
13.5
14.5
15.5
16.5
17.5
18.5
19.5
20.5
21.5
22.5
23.5
16.333
17.333
13.75
14.75
15.75
16.75
11.0
12.0
7.8
8.8
9.8
10.8
11.8
10.667
11.667
12.667
13.667
14.667
15.667
16.667
17.667
14.8
15.8
16.8
17.8
18.8
19.8
20.8
21.8
22.8
23.8
24.8
25.8
26.8
27.8
28.8
29.8
30.8
30.25
25.0
23.0
24.0
20.0
21.0
22.0
23.0
14.667
15.667
16.667
17.667
18.667
10.5
11.5
12.5
13.5
14.5
15.5
16.5
17.5
18.5
19.5
20.5
21.5
22.5
23.5
24.5
17.0
18.0
19.0
20.0
21.0
22.0
23.0
24.0
25.0
26.0
27.0
23.0
16.0
17.0
8.0
6.0
7.0
8.0
9.0
10.0
11.0
12.0
13.0
14.0
16.5
17.5
18.5
19.5
20.5
21.5
22.5
23.5
24.5
25.5
26.5
20.0
21.0
22.0
23.0
24.0
25.0
26.0
27.0
14.0
15.0
16.0
17.0
18.0
19.0
20.0
21.0
22.0
23.0
10.0
11.0
12.0
13.0
14.0
15.0
16.0
8.5
9.5
7.0
8.0
9.0
10.0
11.0
12.0
13.0
14.0
15.0
16.0
17.0
18.0
19.0
20.0
21.0
22.0
20.25
21.25
22.25
18.333
19.333
20.333
21.333
22.333
23.333
24.333
19.0
20.0
21.0
17.6
18.6
19.6
20.6
21.6
22.6
23.6
21.25
22.25
13.75
14.75
15.75
16.75
11.0
12.0
13.0
14.0
15.0
12.0
13.0
14.0
15.0
16.0
17.0
18.0
19.0
20.0
21.0
22.0
23.0
24.0
25.0
26.0
27.0
28.0
26.0
27.0
28.0
24.5
25.5
26.5
27.5
19.0
15.0
16.0
13.6
14.6
10.0
11.0
12.0
13.0
14.0
15.0
16.0
17.0
18.0
9.5
8.6
9.6
8.833
8.429
9.429
10.429
11.429
12.429
13.429
14.429
15.429
16.429
17.429
18.429
19.429
14.3
15.3
16.3
17.3
18.3
19.3
20.3
21.3
20.556
19.5
20.5
19.143
17.625
18.625
19.625
20.625
21.625
22.625
23.625
24.625
25.625
26.625
20.714
21.714
22.714
21.333
19.2
16.833
17.833
18.833
19.833
20.833
21.833
22.833
23.833
24.833
25.833
26.833
17.667
18.667
19.667
20.667
21.667
22.667
23.667
24.667
25.667
26.667
27.667
28.667
25.5
26.5
27.5
28.5
29.5
30.5
31.5
32.5
33.5
34.5
33.0
34.0
35.0
36.0
37.0
0.0
0.0
0.0
0.0
0.0
0.0
0.0
0.0
0.0
0.0
0.0
0.0
0.0
1.0
2.0
3.0
4.0
5.0
6.0
3.5
4.5
5.5
6.5
7.5
8.5
9.5
10.5
11.5
12.5
13.5
14.5
15.5
16.5
17.5
18.5
19.5
20.5
21.5
22.5
23.5
24.5
25.5
26.5
18.333
19.333
12.2
13.2
14.2
10.0
11.0
12.0
13.0
14.0
15.0
16.0
17.0
18.0
12.667
13.667
14.667
15.667
16.667
17.667
18.667
19.667
20.667
21.667
22.667
18.25
19.25
20.25
21.25
22.25
23.25
24.25
25.25
26.25
27.25
28.25
29.25
30.25
29.0
30.0
17.0
18.0
19.0
20.0
21.0
22.0
23.0
8.0
9.0
10.0
11.0
12.0
9.75
10.75
5.875
6.875
7.875
8.875
9.875
10.875
11.875
9.286
10.286
11.286
12.286
13.286
14.286
15.286
16.286
17.286
12.8
13.8
14.8
15.8
16.8
17.8
18.8
19.8
20.8
21.8
22.8
23.8
24.8
25.8
26.8
25.25
23.333
24.333
25.333
26.333
26.0
27.0
18.0
19.0
20.0
21.0
17.6
18.6
19.6
20.6
21.6
22.6
23.6
24.6
21.333
22.333
23.333
24.333
12.667
13.667
14.667
15.667
16.667
17.667
18.667
19.667
20.667
21.667
22.667
23.667
18.5
19.5
20.5
21.5
17.333
13.75
14.75
15.75
16.75
17.75
18.75
19.75
20.75
21.75
17.667
18.667
19.667
20.667
21.667
22.667
23.667
24.667
19.5
20.5
21.5
11.25
12.25
13.25
14.25
15.25
16.25
17.25
18.25
19.25
20.25
21.25
22.25
23.25
19.667
20.667
21.667
22.667
14.2
9.5
10.5
11.5
12.5
10.8
11.8
12.8
13.8
14.8
15.8
14.0
15.0
16.0
17.0
18.0
19.0
20.0
21.0
22.0
23.0
17.0
18.0
19.0
20.0
21.0
22.0
23.0
24.0
25.0
26.0
27.0
28.0
29.0
30.0
31.0
32.0
33.0
30.0
15.5
16.5
11.667
12.667
8.8
9.8
10.8
8.429
9.429
10.429
7.0
8.0
9.0
10.0
11.0
10.286
11.286
12.286
13.286
14.286
15.286
16.286
17.286
18.286
19.286
20.286
21.286
22.286
23.286
24.286
25.286
26.286
27.286
28.286
29.286
30.286
31.286
32.286
31.4
27.0
23.0
24.0
25.0
26.0
27.0
12.333
13.333
14.333
15.333
16.333
17.333
18.333
19.333
11.5
12.5
9.0
10.0
11.0
12.0
13.0
8.4
9.4
10.4
11.4
12.4
8.375
9.375
7.545
8.545
9.545
10.545
11.545
12.545
13.545
14.545
15.545
16.545
15.5
16.5
17.5
18.5
19.5
18.556
19.556
20.556
21.556
22.556
21.2
22.2
23.2
24.2
25.2
26.2
26.0
27.0
28.0
29.0
30.0
29.0
30.0
27.125
28.125
29.125
25.4
26.4
11.5
12.5
13.5
14.5
15.5
16.5
17.5
18.5
19.5
20.5
21.5
22.5
23.5
24.5
25.5
26.5
27.5
28.5
29.5
30.5
25.0
26.0
13.5
14.5
15.5
16.5
17.5
18.5
19.5
13.667
14.667
15.667
16.667
7.5
8.5
9.5
7.0
8.0
9.0
10.0
11.0
12.0
13.0
10.5
11.5
12.5
13.5
14.5
15.5
16.5
17.5
18.5
19.5
13.667
14.667
15.667
16.667
17.667
18.667
16.857
14.5
15.5
16.5
17.5
18.5
19.5
20.5
18.2
19.2
20.2
21.2
22.2
23.2
24.2
22.0
23.0
24.0
25.0
26.0
21.6
22.6
20.0
21.0
22.0
23.0
24.0
25.0
26.0
26.2
27.2
28.2
23.333
24.333
25.333
26.333
27.333
28.333
25.0
26.0
27.0
28.0
29.0
30.0
24.0
25.0
26.0
27.0
28.0
29.0
30.0
31.0
32.0
16.5
17.5
18.5
19.5
20.5
5.0
6.0
7.0
8.0
9.0
10.0
11.0
12.0
13.0
14.0
15.0
16.0
17.0
18.0
19.0
20.0
21.0
22.0
23.0
24.0
25.0
26.0
27.0
28.0
29.0
30.0
31.0
32.0
33.0
34.0
35.0
36.0
37.0
0.0
0.0
0.0
0.0
0.0
0.0
0.0
0.0
0.0
0.0
0.0
0.0
0.0
0.0
0.0
0.0
0.0
0.0
0.0
0.0
0.0
0.0
0.0
0.0
0.0
0.0
0.0
0.0
0.0
0.0
0.0
0.0
0.0
0.0
0.0
0.0
0.0
0.0
0.0
0.0
0.0
0.0
0.0
0.0
0.0
0.0
0.0
0.0
0.0
1.0
2.0
1.5
2.5
3.5
4.5
5.5
6.5
7.5
8.5
9.5
10.5
11.5
12.5
13.5
14.5
15.5
8.25
9.25
10.25
11.25
12.25
13.25
14.25
15.25
16.25
17.25
18.25
19.25
20.25
21.25
22.25
23.25
24.25
25.25
26.25
27.25
25.0
26.0
27.0
15.333
16.333
17.333
18.333
19.333
20.333
21.333
16.75
17.75
18.75
19.75
20.75
21.75
22.75
19.333
11.5
12.5
13.5
14.5
15.5
16.5
17.5
18.5
19.5
20.5
21.5
22.5
23.5
24.5
25.5
26.5
27.5
28.5
29.5
30.5
31.5
32.5
33.5
31.0
32.0
33.0
34.0
35.0
36.0
37.0
0.0
0.0
0.0
0.0
0.0
0.0
0.0
0.0
0.0
0.0
0.0
0.0
0.0
0.0
0.0
0.0
1.0
2.0
3.0
1.333
2.333
3.333
4.333
5.333
6.333
7.333
8.333
9.333
10.333
11.333
12.333
10.0
11.0
12.0
13.0
11.2
8.714
9.714
10.714
11.714
12.714
13.714
14.714
15.714
14.625
15.625
16.625
17.625
18.625
19.625
20.625
21.625
22.625
21.571
22.571
23.571
24.571
20.6
18.0
19.0
17.143
18.143
16.75
17.75
18.75
17.556
18.556
19.556
20.556
19.5
18.222
19.222
20.222
19.125
14.167
15.167
16.167
17.167
18.167
19.167
20.167
21.167
19.0
20.0
21.0
22.0
23.0
24.0
25.0
21.667
22.667
23.667
24.667
25.667
26.667
27.667
26.8
27.8
26.5
27.5
25.333
26.333
27.333
23.5
24.5
25.5
26.5
27.5
19.0
10.0
11.0
12.0
8.667
9.667
10.667
11.667
12.667
13.667
14.667
15.667
16.667
17.667
18.667
19.667
20.667
21.667
22.667
16.5
17.5
18.5
19.5
20.5
21.5
15.0
16.0
17.0
18.0
19.0
20.0
21.0
22.0
23.0
24.0
25.0
26.0
27.0
28.0
24.5
25.5
26.5
17.0
18.0
19.0
20.0
21.0
22.0
23.0
24.0
12.5
13.5
14.5
15.5
16.5
17.5
18.5
19.5
20.5
21.5
22.5
23.5
16.333
4.667
5.667
6.667
7.667
8.667
9.667
10.667
11.667
9.5
10.5
11.5
12.5
13.5
14.5
15.5
16.5
17.5
18.5
19.5
20.5
21.5
22.5
23.5
24.5
25.5
17.0
18.0
19.0
20.0
21.0
22.0
23.0
24.0
25.0
26.0
27.0
28.0
26.0
21.5
22.5
23.5
24.5
25.5
26.5
27.5
28.5
21.0
22.0
23.0
24.0
25.0
26.0
27.0
28.0
29.0
30.0
31.0
32.0
33.0
34.0
35.0
36.0
37.0
0.0
0.0
1.0
2.0
3.0
4.0
5.0
6.0
4.667
5.667
6.667
7.667
6.5
7.5
8.5
7.6
8.6
9.6
10.6
11.6
12.6
13.6
14.6
15.6
16.6
17.6
18.6
16.333
17.333
12.222
13.222
14.222
15.222
16.222
17.222
18.222
19.222
18.2
19.2
15.75
16.75
15.778
16.778
17.778
18.778
19.778
18.625
19.625
20.625
21.625
17.875
16.778
17.778
14.556
15.556
14.9
15.9
16.9
17.9
18.9
19.9
20.9
21.9
22.9
23.9
23.444
24.444
19.167
20.167
21.167
22.167
23.167
24.167
25.167
26.167
25.0
26.0
27.0
28.0
26.75
27.75
28.75
29.75
30.75
31.75
32.75
33.75
34.75
35.0
35.0
36.0
36.0
37.0
0.0
0.0
0.0
0.0
0.0
0.0
0.0
0.0
0.0
0.0
0.0
0.0
0.0
0.0
0.0
0.0
0.0
0.0
0.0
0.0
0.0
0.0
0.0
0.0
0.0
0.0
0.0
0.0
0.0
0.0
0.0
0.0
0.0
0.0
0.0
0.0
0.0
0.0
1.0
2.0
3.0
4.0
5.0
6.0
7.0
8.0
9.0
10.0
11.0
12.0
13.0
14.0
15.0
16.0
17.0
18.0
19.0
20.0
21.0
22.0
11.5
12.5
13.5
14.5
15.5
8.25
9.25
10.25
11.25
12.25
13.25
14.25
15.25
16.25
17.25
11.667
12.667
13.667
14.667
15.667
16.667
13.25
14.25
15.25
16.25
17.25
18.25
19.25
20.25
17.0
18.0
15.833
16.833
17.833
18.833
19.833
20.833
21.833
19.8
20.8
21.8
19.0
20.0
12.5
13.5
14.5
15.5
16.5
17.5
18.5
19.5
20.5
21.5
22.5
23.5
24.5
25.5
26.5
27.5
25.333
26.333
27.333
28.333
29.333
30.333
31.333
32.333
31.0
32.0
28.0
14.5
15.5
16.5
17.5
18.5
19.5
20.5
21.5
15.0
5.0
6.0
7.0
8.0
9.0
10.0
11.0
12.0
13.0
14.0
15.0
16.0
17.0
18.0
19.0
20.0
21.0
22.0
23.0
24.0
25.0
17.333
18.333
19.333
20.333
21.333
22.333
23.333
24.333
19.0
20.0
21.0
22.0
23.0
24.0
25.0
17.333
8.5
9.5
10.5
11.5
12.5
13.5
14.5
15.5
16.5
17.5
18.5
19.5
20.5
21.5
22.5
23.5
24.5
25.5
26.5
27.5
28.5
29.5
23.0
24.0
25.0
26.0
27.0
28.0
14.5
15.5
16.5
17.5
18.5
19.5
20.5
21.5
22.5
9.0
10.0
11.0
12.0
13.0
14.0
15.0
16.0
17.0
18.0
19.0
20.0
21.0
22.0
23.0
24.0
25.0
26.0
13.5
14.5
15.5
16.5
17.5
18.5
19.5
20.5
21.5
22.5
23.5
11.0
6.0
7.0
5.333
6.333
7.333
8.333
9.333
10.333
11.333
12.333
13.333
14.333
15.333
16.333
17.333
18.333
19.333
20.333
21.333
22.333
23.333
24.333
25.333
26.333
20.5
16.333
17.333
18.333
19.333
20.333
21.333
22.333
23.333
24.333
25.333
26.333
27.333
28.333
25.0
26.0
16.0
17.0
18.0
19.0
20.0
21.0
22.0
23.0
24.0
25.0
26.0
27.0
28.0
29.0
30.0
31.0
32.0
33.0
34.0
35.0
36.0
37.0
0.0
0.0
0.0
0.0
0.0
0.0
0.0
0.0
0.0
0.0
0.0
0.0
0.0
0.0
0.0
0.0
0.0
0.0
0.0
0.0
0.0
0.0
0.0
0.0
0.0
0.0
0.0
0.0
0.0
0.0
0.0
0.0
0.0
0.0
0.0
0.0
0.0
0.0
0.0
0.0
0.0
0.0
0.0
0.0
0.0
0.0
0.0
0.0
0.0
0.0
0.0
0.0
0.0
0.0
0.0
0.0
0.0
0.0
0.0
0.0
0.0
0.0
0.0
0.0
0.0
0.0
0.0
0.0
0.0
0.0
0.0
0.0
0.0
0.0
0.0
0.0
0.0
0.0
0.0
0.0
0.0
0.0
0.0
0.0
0.0
0.0
0.0
0.0
0.0
0.0
0.0
0.0
0.0
0.0
0.0
0.0
0.0
0.0
0.0
0.0
0.0
0.0
0.0
0.0
0.0
0.0
0.0
0.0
0.0
0.0
0.0
0.0
0.0
0.0
0.0
0.0
0.0
0.0
0.0
0.0
0.0
0.0
0.0
0.0
0.0
0.0
0.0
0.0
0.0
0.0
0.0
0.0
0.0
0.0
0.0
0.0
0.0
0.0
0.0
0.0
0.0
0.0
0.0
0.0
0.0
0.0
0.0
0.0
0.0
0.0
0.0
0.0
0.0
0.0
0.0
0.0
0.0
0.0
0.0
0.0
0.0
0.0
0.0
0.0
0.0
0.0
0.0
0.0
0.0
0.0
0.0
0.0
0.0
0.0
0.0
0.0
0.0
0.0
0.0
0.0
0.0
0.0
0.0
0.0
0.0
0.0
0.0
0.0
0.0
0.0
0.0
0.0
0.0
0.0
0.0
0.0
0.0
0.0
0.0
0.0
0.0
0.0
0.0
0.0
0.0
0.0
0.0
0.0
0.0
0.0
0.0
0.0
0.0
0.0
0.0
0.0
0.0
0.0
0.0
0.0
0.0
0.0
0.0
0.0
0.0
0.0
0.0
0.0
0.0
0.0
0.0
0.0
0.0
0.0
0.0
0.0
0.0
0.0
0.0
0.0
0.0
0.0
0.0
0.0
0.0
0.0
0.0
0.0
0.0
0.0
0.0
0.0
0.0
0.0
0.0
0.0
0.0
9.667
10.667
11.667
12.667
6.833
7.833
8.833
9.833
10.833
11.833
12.833
11.857
12.857
13.857
14.857
15.857
16.857
17.857
18.857
19.857
20.857
21.857
20.0
21.0
22.0
23.0
24.0
23.143
24.143
20.0
21.0
22.0
23.0
24.0
25.0
26.0
27.0
28.0
29.0
30.0
31.0
26.667
17.333
11.0
12.0
13.0
14.0
15.0
16.0
11.75
12.75
13.75
8.857
9.857
10.857
11.857
12.857
13.857
13.0
14.0
11.714
11.125
10.778
11.778
12.778
13.778
14.778
15.778
16.778
17.778
18.778
19.778
18.7
19.7
20.7
21.7
22.7
21.545
22.545
22.1
19.4
18.444
19.444
20.444
21.444
22.444
23.444
22.0
23.0
18.0
19.0
20.0
21.0
22.0
23.0
24.0
22.833
23.833
24.833
23.4
21.0
22.0
23.0
24.0
25.0
26.0
27.0
22.4
23.4
24.4
22.25
23.25
24.25
25.25
26.25
23.667
24.667
25.667
21.0
22.0
23.0
24.0
16.667
17.667
18.667
10.5
11.5
12.5
13.5
14.5
15.5
8.25
9.25
10.25
11.25
12.25
6.625
7.625
8.625
9.625
10.625
10.333
10.2
11.2
12.2
10.444
11.444
12.444
13.444
14.444
15.444
16.444
17.444
18.444
19.444
20.444
21.444
22.444
21.875
22.875
23.875
24.875
25.875
26.875
27.875
28.875
29.875
30.875
31.875
31.167
32.167
33.167
34.167
35.167
32.5
33.5
34.5
35.5
36.5
37.0
0.0
0.0
0.0
0.0
0.0
1.0
2.0
3.0
4.0
5.0
6.0
7.0
8.0
9.0
10.0
11.0
12.0
6.5
5.0
6.0
7.0
6.0
7.0
6.4
7.4
8.4
9.4
10.4
9.5
10.5
11.5
12.5
13.5
14.5
15.5
14.143
15.143
16.143
17.143
18.143
19.143
17.333
14.0
15.0
14.222
15.222
16.222
17.222
18.222
19.222
20.222
19.1
20.1
21.1
18.417
17.727
16.8
17.8
18.8
17.778
18.778
17.5
16.444
17.444
18.444
19.444
18.25
19.25
18.0
19.0
20.0
21.0
22.0
16.9
17.9
17.182
18.182
19.182
20.182
17.444
18.444
19.444
16.222
17.222
16.4
17.4
18.4
19.4
20.4
17.6
18.6
19.6
16.25
17.25
14.6
15.6
12.769
12.786
13.786
14.786
13.071
12.312
11.833
12.833
13.105
14.105
13.105
14.105
14.35
15.35
16.35
15.056
15.211
15.0
16.0
17.0
18.0
19.0
20.0
19.895
17.95
18.95
19.0
20.0
21.0
19.0
20.0
20.19
21.19
22.19
23.19
24.19
23.842
24.842
23.562
23.667
24.667
25.667
24.133
23.154
21.636
22.636
22.2
23.2
22.667
21.3
20.556
21.556
22.556
23.556
22.875
23.875
24.875
25.875
26.875
24.778
25.778
25.375
22.5
23.5
24.5
25.5
26.5
17.0
18.0
19.0
20.0
21.0
22.0
11.5
12.5
11.571
12.571
13.571
14.571
15.571
13.0
14.0
15.0
12.0
13.0
14.0
15.0
12.857
10.778
11.778
11.5
11.364
12.364
13.364
14.364
15.364
16.364
15.3
16.3
17.3
15.917
16.917
17.917
18.917
19.917
17.929
17.667
18.667
19.667
20.667
21.667
14.125
15.125
14.667
15.667
15.625
16.625
17.625
18.625
17.444
18.444
17.125
18.125
19.125
20.125
21.125
19.857
19.467
19.214
18.846
18.333
19.333
20.333
21.333
22.333
21.538
19.533
19.25
17.875
18.875
18.706
19.706
20.706
19.533
19.286
20.286
18.625
19.625
20.625
16.167
17.167
15.571
15.467
11.611
11.947
12.947
13.947
12.235
13.235
11.524
11.955
12.955
13.955
14.955
15.261
15.273
16.273
17.273
18.273
18.435
19.435
20.435
21.435
21.727
20.19
20.35
20.474
21.474
21.611
22.611
23.611
24.611
25.611
25.211
24.824
25.824
26.824
27.824
28.824
28.733
29.143
27.0
18.615
19.615
20.615
21.615
22.615
17.222
15.75
12.182
13.182
14.182
12.9
12.636
13.636
14.636
15.636
14.5
15.5
15.0
16.0
17.0
16.0
17.0
18.0
19.0
20.0
21.0
22.0
23.0
24.0
23.556
24.556
23.0
24.0
22.727
23.727
24.727
25.727
24.5
19.25
18.0
15.545
16.545
17.545
18.545
19.545
14.0
13.333
14.333
15.333
13.625
14.625
15.625
14.778
15.778
16.778
15.25
15.0
16.0
18.0
19.0
17.778
18.778
13.692
14.692
15.692
16.692
16.429
17.429
18.429
19.429
20.429
18.667
19.667
20.667
21.667
21.273
22.273
21.8
19.0
20.0
18.667
19.667
20.667
21.667
20.75
21.75
22.75
21.222
22.222
23.222
22.5
20.889
19.7
20.7
21.7
22.0
23.0
24.0
23.375
24.375
12.75
13.75
14.75
15.75
16.75
17.75
15.0
16.0
17.0
18.0
19.0
20.0
21.0
22.0
23.0
24.0
25.0
26.0
24.25
25.25
21.0
22.0
16.429
17.429
15.167
16.167
17.167
18.167
19.167
16.6
12.5
13.5
14.5
15.5
16.5
17.5
13.333
14.333
15.333
16.6
17.6
18.6
19.6
20.6
14.0
15.0
16.0
17.0
18.0
19.0
20.0
21.0
22.0
23.0
16.5
17.5
18.5
16.857
17.857
15.667
16.667
15.143
16.143
15.0
16.0
17.0
16.0
17.0
13.778
14.778
15.778
16.778
17.778
18.778
17.5
18.5
19.5
20.5
21.5
22.5
21.429
22.429
21.0
22.0
23.0
24.0
25.0
19.5
20.5
21.5
22.5
20.889
17.286
18.286
19.286
20.286
21.286
22.286
23.286
22.0
23.0
21.2
22.2
16.571
14.167
15.167
11.8
10.667
11.667
12.667
11.714
12.714
13.714
14.714
13.75
13.111
14.111
15.111
16.111
17.111
18.111
19.111
20.111
21.111
22.111
18.857
19.857
18.25
19.25
15.5
16.5
14.0
15.0
16.0
14.167
15.167
16.167
17.167
18.167
19.167
20.167
17.8
15.667
16.667
15.143
14.462
14.357
14.333
13.714
14.714
15.714
16.714
16.154
14.231
15.231
16.231
17.231
18.231
14.706
14.833
15.833
16.833
17.833
16.143
15.652
15.0
15.333
15.391
15.708
14.13
14.5
14.88
13.957
14.957
15.957
16.957
17.957
18.957
19.957
20.957
20.429
21.429
20.789
19.714
19.85
19.947
19.9
20.9
21.9
22.9
22.762
21.941
22.941
22.611
23.611
19.261
18.571
18.65
19.65
20.65
21.65
19.941
18.667
17.133
16.714
17.714
17.231
18.231
17.667
16.909
17.909
18.909
18.25
19.25
17.357
18.357
19.357
20.357
21.357
22.357
23.357
22.083
21.308
22.308
22.083
23.083
24.083
25.083
25.0
26.0
24.75
23.5
20.417
13.125
14.125
15.125
16.125
17.125
18.125
19.125
20.125
18.714
17.25
18.25
19.25
20.25
21.25
22.25
23.25
24.25
23.429
24.429
17.0
18.0
19.0
20.0
21.0
18.857
19.857
20.857
19.167
20.167
21.167
22.167
23.167
20.714
21.714
22.714
21.333
22.333
16.0
13.6
14.6
15.6
16.6
17.6
18.6
19.6
20.6
21.6
9.375
10.375
11.375
12.375
13.375
14.375
13.667
14.667
12.818
12.667
11.455
12.455
13.455
14.455
13.077
12.083
13.083
14.083
15.083
15.929
16.929
17.929
18.929
17.214
18.214
19.214
20.214
19.8
20.8
18.062
19.062
18.882
19.882
19.722
19.706
19.556
20.556
19.4
16.0
16.0
16.056
17.056
17.105
14.333
14.348
15.348
14.286
14.15
15.15
16.15
16.053
17.053
15.706
16.706
17.706
18.706
18.611
19.611
20.611
20.474
21.474
21.611
21.421
21.3
22.3
22.526
23.526
22.941
23.941
22.0
23.0
23.067
20.056
21.056
22.056
21.187
22.187
20.812
18.294
19.294
19.187
12.091
12.1
13.1
14.1
15.1
16.1
17.1
18.1
19.1
20.1
19.182
17.077
18.077
17.5
18.5
19.5
20.5
21.5
22.5
22.182
21.7
22.7
23.7
24.7
25.7
26.7
26.556
24.8
25.8
22.0
23.0
24.0
25.0
26.0
21.571
16.4
17.4
18.4
19.4
20.4
21.4
12.444
12.1
13.1
14.1
15.1
16.1
17.1
15.889
10.857
11.857
11.25
12.25
13.25
14.25
15.25
16.25
17.25
18.25
19.25
20.25
21.25
22.25
23.25
24.25
23.429
19.0
20.0
21.0
22.0
23.0
24.0
23.375
24.375
25.375
23.444
24.444
25.444
26.444
19.0
15.5
16.5
17.5
18.5
19.5
20.5
21.5
11.25
12.25
9.714
10.714
11.714
11.125
10.778
10.6
11.6
12.6
13.6
14.6
15.6
16.6
17.6
18.6
17.818
14.556
12.727
13.727
10.8
11.8
12.8
13.8
14.8
14.812
14.333
15.333
15.312
16.312
17.312
18.312
19.312
18.056
19.056
20.056
20.176
21.176
17.533
17.375
18.375
19.375
20.375
20.267
20.071
17.133
18.133
19.133
20.133
21.133
22.133
23.133
24.133
25.133
25.286
26.286
23.538
22.786
18.1
19.1
20.1
19.182
20.182
17.727
18.727
19.727
19.0
20.0
21.0
22.0
23.0
20.5
21.5
22.5
23.5
21.778
20.875
19.571
20.571
21.571
22.571
23.571
24.571
20.6
21.6
18.833
19.833
20.833
21.833
22.833
23.833
24.833
25.833
26.833
23.0
24.0
25.0
26.0
27.0
24.667
25.667
21.0
22.0
23.0
24.0
25.0
26.0
27.0
28.0
29.0
30.0
31.0
32.0
28.0
29.0
30.0
31.0
32.0
33.0
34.0
35.0
36.0
37.0
0.0
0.0
0.0
0.0
0.0
0.0
0.0
0.0
0.0
0.0
0.0
0.0
0.0
0.0
0.0
0.0
0.0
0.0
0.0
0.0
0.0
0.0
0.0
0.0
0.0
0.0
0.0
0.0
0.0
0.0
0.0
0.0
0.0
0.0
0.0
0.0
0.0
0.0
0.0
0.0
0.0
0.0
0.0
0.0
0.0
0.0
0.0
0.0
0.0
0.0
0.0
0.0
0.0
0.0
0.0
0.0
0.0
0.0
0.0
0.0
0.0
0.0
0.0
0.0
0.0
0.0
0.0
0.0
0.0
0.0
0.0
0.0
0.0
0.0
0.0
0.0
0.0
0.0
0.0
0.0
0.0
0.0
0.0
0.0
0.0
0.0
0.0
0.0
0.0
0.0
0.0
0.0
0.0
0.0
0.0
0.0
0.0
0.0
0.0
0.0
0.0
0.0
0.0
0.0
0.0
0.0
0.0
0.0
0.0
0.0
0.0
0.0
0.0
0.0
0.0
0.0
0.0
0.0
0.0
0.0
0.0
0.0
0.0
0.0
0.0
0.0
0.0
0.0
0.0
0.0
0.0
0.0
0.0
0.0
0.0
0.0
0.0
0.0
0.0
0.0
0.0
0.0
0.0
0.0
0.0
0.0
0.0
0.0
0.0
0.0
0.0
0.0
0.0
0.0
0.0
0.0
0.0
0.0
0.0
0.0
0.0
0.0
0.0
0.0
0.0
0.0
0.0
0.0
0.0
0.0
0.0
0.0
0.0
0.0
0.0
0.0
0.0
0.0
0.0
0.0
0.0
0.0
0.0
0.0
0.0
0.0
0.0
0.0
0.0
0.0
0.0
0.0
0.0
0.0
0.0
0.0
0.0
0.0
0.0
0.0
0.0
0.0
0.0
0.0
0.0
0.0
0.0
0.0
0.0
0.0
0.0
0.0
0.0
0.0
0.0
0.0
0.0
0.0
0.0
0.0
0.0
0.0
0.0
0.0
0.0
0.0
0.0
0.0
0.0
0.0
0.0
0.0
0.0
0.0
0.0
0.0
0.0
0.0
0.0
0.0
0.0
0.0
0.0
0.0
0.0
0.0
0.0
0.0
0.0
0.0
0.0
0.0
0.0
0.0
0.0
0.0
0.0
0.0
0.0
0.0
0.0
0.0
0.0
0.0
0.0
0.0
0.0
0.0
0.0
0.0
0.0
0.0
0.0
0.0
0.0
0.0
0.0
0.0
0.0
0.0
0.0
0.0
0.0
0.0
0.0
0.0
0.0
0.0
0.0
0.0
0.0
0.0
0.0
0.0
0.0
0.0
0.0
0.0
0.0
0.0
0.0
0.0
0.0
0.0
0.0
0.0
0.0
0.0
0.0
0.0
0.0
0.0
0.0
0.0
0.0
0.0
0.0
0.0
0.0
0.0
0.0
0.0
0.0
0.0
0.0
0.0
0.0
0.0
0.0
0.0
0.0
0.0
0.0
0.0
0.0
0.0
0.0
0.0
0.0
0.0
0.0
0.0
0.0
0.0
0.0
0.0
0.0
0.0
0.0
0.0
0.0
0.0
0.0
0.0
0.0
0.0
0.0
0.0
0.0
0.0
0.0
0.0
0.0
0.0
0.0
0.0
0.0
0.0
0.0
0.0
0.0
0.0
0.0
0.0
0.0
0.0
0.0
0.0
0.0
0.0
0.0
0.0
0.0
0.0
0.0
0.0
0.0
0.0
0.0
0.0
0.0
0.0
0.0
0.0
0.0
0.0
0.0
0.0
0.0
0.0
0.0
0.0
0.0
0.0
0.0
0.0
0.0
0.0
0.0
0.0
0.0
0.0
0.0
0.0
0.0
0.0
0.0
0.0
0.0
0.0
0.0
1.0
1.0
2.0
3.0
4.0
5.0
6.0
7.0
8.0
9.0
10.0
11.0
12.0
13.0
14.0
17.667
18.667
19.667
15.5
16.5
17.5
18.5
19.5
20.5
21.5
22.5
23.5
24.5
25.5
26.5
24.0
25.0
26.0
27.0
28.0
29.0
30.0
27.5
28.5
21.0
22.0
23.0
24.0
25.0
26.0
27.0
28.0
29.0
30.0
31.0
32.0
33.0
34.0
35.0
36.0
37.0
0.0
0.0
0.0
0.0
0.0
0.0
0.0
0.0
0.0
0.0
0.0
0.0
1.0
2.0
3.0
4.0
5.0
6.0
7.0
8.0
9.0
10.0
11.0
12.0
13.0
14.0
15.0
16.0
17.0
18.0
19.0
20.0
21.0
22.0
23.0
24.0
25.0
26.0
27.0
28.0
29.0
30.0
31.0
32.0
33.0
34.0
35.0
36.0
37.0
0.0
0.0
0.0
0.0
0.0
0.0
0.0
0.0
0.0
0.0
0.0
0.0
0.0
0.0
0.0
0.0
0.0
0.0
0.0
0.0
0.0
0.0
0.0
0.0
0.0
0.0
1.0
2.0
3.0
4.0
5.0
6.0
7.0
8.0
9.0
10.0
11.0
12.0
13.0
14.0
15.0
16.0
17.0
18.0
19.0
20.0
21.0
22.0
23.0
24.0
25.0
26.0
27.0
28.0
29.0
30.0
31.0
32.0
33.0
34.0
35.0
36.0
37.0
0.0
0.0
0.0
0.0
0.0
0.0
0.0
0.0
0.0
0.0
0.0
0.0
0.0
0.0
0.0
0.0
0.0
0.0
0.0
0.0
0.0
0.0
0.0
0.0
0.0
0.0
0.0
0.0
0.0
0.0
0.0
0.0
0.0
0.0
0.0
0.0
0.0
0.0
0.0
0.0
0.0
0.0
0.0
0.0
0.0
0.0
2.0
3.0
4.0
2.5
3.5
4.5
5.5
6.5
7.5
8.5
9.5
10.5
11.5
12.5
13.5
14.5
15.5
16.5
17.5
18.5
19.5
20.5
21.5
22.5
23.5
24.5
25.5
26.5
27.5
28.5
29.5
30.5
31.5
32.5
33.5
34.5
33.0
34.0
35.0
36.0
37.0
0.0
0.0
0.0
0.0
0.0
0.0
0.0
0.0
0.0
